3 5 0
5 3 0
5 3 1
3 5 1
3 5 2
5 3 2
3 5 3
5 3 3
3 5 4
5 3 4
5 3 5
3 5 5
5 3 6
3 5 6
5 3 7
3 5 7
5 3 8
3 5 8
5 3 9
3 5 9
5 3 10
3 5 10
5 3 11
3 5 11
3 5 12
5 3 12
3 5 13
5 3 13
3 5 14
5 3 14
5 3 15
3 5 15
3 5 16
5 3 16
3 5 17
5 3 17
3 5 18
5 3 18
3 5 19
5 3 19
3 5 20
5 3 20
5 3 21
3 5 21
3 5 22
5 3 22
5 3 23
3 5 23
3 5 24
5 3 24
3 5 25
5 3 25
3 5 26
5 3 26
5 3 27
3 5 27
5 3 28
3 5 28
3 5 29
5 3 29
3 5 30
5 3 30
5 3 31
3 5 31
3 5 32
5 3 32
3 5 33
5 3 33
5 3 34
3 5 34
3 5 35
5 3 35
5 3 36
3 5 36
3 5 37
5 3 37
5 3 38
3 5 38
5 3 39
3 5 39
5 3 40
3 5 40
5 3 41
3 5 41
3 5 42
5 3 42
5 3 43
3 5 43
3 5 44
5 3 44
3 5 45
5 3 45
5 3 46
3 5 46
5 3 47
3 5 47
5 3 48
3 5 48
5 3 49
3 5 49
3 5 50
5 3 50
3 5 51
5 3 51
3 5 52
5 3 52
3 5 53
5 3 53
5 3 54
3 5 54
3 5 55
5 3 55
3 5 56
5 3 56
3 5 57
5 3 57
5 3 58
3 5 58
3 5 59
5 3 59
3 5 60
5 3 60
3 5 61
5 3 61
3 5 62
5 3 62
3 5 63
5 3 63
3 5 64
5 3 64
3 5 65
5 3 65
5 3 66
3 5 66
3 5 67
5 3 67
3 5 68
5 3 68
3 5 69
5 3 69
5 3 70
3 5 70
3 5 71
5 3 71
3 5 72
5 3 72
3 5 73
5 3 73
3 5 74
5 3 74
3 5 75
5 3 75
5 3 76
3 5 76
3 5 77
5 3 77
5 3 78
3 5 78
5 3 79
3 5 79
3 5 80
5 3 80
3 5 81
5 3 81
5 3 82
3 5 82
5 3 83
4 2 83
3 5 83
2 4 83
3 5 84
5 3 84
4 2 84
2 4 84
4 2 85
2 4 85
5 3 85
3 5 85
2 4 86
4 2 86
4 2 87
2 4 87
4 2 88
2 4 88
2 4 89
4 2 89
4 2 90
2 4 90
4 2 91
2 4 91
2 4 92
4 2 92
4 2 93
2 4 93
2 4 94
4 2 94
4 2 95
2 4 95
2 4 96
4 2 96
4 2 97
2 4 97
4 2 98
2 4 98
2 4 99
4 2 99
4 2 100
2 4 100
2 4 101
4 2 101
4 2 102
2 4 102
4 2 103
2 4 103
4 2 104
2 4 104
2 4 105
4 2 105
4 2 106
2 4 106
2 4 107
4 2 107
4 2 108
2 4 108
4 2 109
2 4 109
2 4 110
4 2 110
4 2 111
2 4 111
4 2 112
2 4 112
4 2 113
2 4 113
2 4 114
4 2 114
4 2 115
2 4 115
4 2 116
2 4 116
4 2 117
2 4 117
4 2 118
2 4 118
2 4 119
4 2 119
2 4 120
4 2 120
4 2 121
2 4 121
4 2 122
2 4 122
4 2 123
2 4 123
2 4 124
4 2 124
4 2 125
2 4 125
4 2 126
2 4 126
4 2 127
2 4 127
4 2 128
2 4 128
2 4 129
4 2 129
4 2 130
2 4 130
2 4 131
4 2 131
2 4 144
4 2 144
2 4 145
4 2 145
4 2 146
2 4 146
4 2 147
2 4 147
4 2 148
2 4 148
5 3 624
3 5 624
3 5 625
5 3 625
3 5 626
5 3 626
3 5 627
5 3 627
5 3 628
3 5 628
3 5 629
5 3 629
5 3 630
3 5 630
5 3 631
3 5 631
3 5 632
5 3 632
3 5 633
5 3 633
3 5 634
5 3 634
5 3 635
3 5 635
3 5 636
5 3 636
5 3 637
3 5 637
5 3 638
3 5 638
5 3 639
3 5 639
3 5 640
5 3 640
3 5 641
5 3 641
3 5 642
5 3 642
3 5 643
5 3 643
3 5 644
5 3 644
5 3 645
3 5 645
3 5 646
5 3 646
5 3 647
3 5 647
3 5 648
5 3 648
5 3 649
3 5 649
5 3 650
3 5 650
5 3 651
3 5 651
5 3 652
3 5 652
3 5 653
5 3 653
5 3 654
3 5 654
3 5 655
5 3 655
5 3 656
3 5 656
5 3 657
3 5 657
3 5 658
5 3 658
5 3 659
3 5 659
5 3 660
3 5 660
5 3 661
3 5 661
5 3 662
3 5 662
5 3 663
3 5 663
3 5 664
5 3 664
5 3 665
3 5 665
5 3 666
3 5 666
5 3 667
3 5 667
5 3 668
3 5 668
3 5 669
5 3 669
3 5 670
5 3 670
5 3 671
3 5 671
5 3 672
3 5 672
5 3 673
3 5 673
5 3 674
3 5 674
5 3 675
3 5 675
5 3 701
3 5 701
3 5 702
5 3 702
5 3 703
3 5 703
3 5 704
5 3 704
3 5 705
5 3 705
3 5 706
5 3 706
3 5 707
5 3 707
3 5 708
5 3 708
3 5 709
5 3 709
3 5 710
5 3 710
5 3 711
3 5 711
3 5 712
5 3 712
5 3 713
3 5 713
5 3 714
3 5 714
5 3 715
3 5 715
3 5 716
5 3 716
3 5 717
5 3 717
5 3 718
3 5 718
5 3 719
3 5 719
5 3 720
3 5 720
3 5 721
5 3 721
5 3 722
3 5 722
3 5 723
5 3 723
5 3 724
3 5 724
5 3 725
3 5 725
5 3 726
3 5 726
5 3 727
3 5 727
3 5 728
5 3 728
3 5 729
5 3 729
3 5 730
5 3 730
3 5 731
5 3 731
3 5 732
5 3 732
5 3 733
3 5 733
3 5 734
5 3 734
5 3 735
3 5 735
3 5 736
5 3 736
3 5 737
5 3 737
3 5 738
5 3 738
5 3 739
3 5 739
5 3 740
3 5 740
5 3 741
3 5 741
3 5 742
5 3 742
5 3 743
3 5 743
5 3 744
3 5 744
5 3 745
3 5 745
5 3 746
3 5 746
2 5 756
2 5 757
2 5 758
2 5 759
2 5 760
2 5 761
2 5 762
2 5 763
2 5 764
2 5 765
2 5 766
2 5 767
2 5 768
2 5 769
2 5 770
2 5 771
5 7 946
5 7 947
5 7 948
5 7 949
5 7 950
5 7 951
5 7 952
5 7 953
5 7 954
5 7 955
5 7 956
5 7 957
5 7 958
5 7 959
5 7 960
5 7 961
5 7 962
5 7 963
5 7 964
5 7 965
5 7 966
5 7 967
5 7 968
5 7 969
5 7 970
5 7 971
5 7 972
5 7 973
5 7 974
5 7 975
5 7 976
5 7 977
5 7 978
5 7 979
5 7 980
5 7 981
5 7 982
5 7 983
5 7 984
5 7 985
5 7 986
5 7 987
5 7 988
5 7 989
5 7 990
5 7 991
5 7 992
5 7 993
5 7 994
5 7 995
5 7 996
5 7 997
5 7 998
5 7 999
5 7 1000
5 7 1001
5 7 1002
5 7 1003
3 6 1143
3 6 1144
3 6 1145
3 6 1146
3 6 1147
1 5 1152
1 5 1153
1 5 1154
1 5 1155
1 5 1156
1 5 1157
1 5 1158
1 5 1159
1 5 1160
1 5 1161
1 5 1162
1 5 1163
1 5 1164
1 5 1165
1 5 1166
1 5 1167
1 5 1168
1 5 1169
1 5 1170
1 5 1171
1 5 1172
1 5 1173
1 5 1174
1 5 1175
1 5 1176
1 5 1177
1 5 1178
1 5 1179
1 5 1180
1 5 1181
1 5 1182
1 5 1183
1 5 1184
1 5 1185
1 5 1186
1 5 1187
1 5 1188
1 5 1189
1 5 1190
1 5 1191
1 5 1192
1 5 1193
1 5 1194
1 5 1195
1 5 1196
1 5 1197
1 5 1198
1 5 1199
1 5 1200
3 6 1200
1 5 1201
3 6 1201
3 6 1202
1 5 1202
3 6 1203
1 5 1203
1 5 1204
3 6 1204
1 5 1205
3 6 1205
1 5 1206
3 6 1206
3 6 1207
1 5 1207
1 5 1208
3 6 1208
3 6 1209
1 5 1209
3 6 1210
1 5 1210
1 5 1211
3 6 1211
1 5 1212
3 6 1212
1 5 1213
3 6 1213
1 5 1214
3 6 1214
1 5 1215
3 6 1215
3 6 1216
1 5 1216
3 6 1217
1 5 1217
1 5 1218
3 6 1218
1 5 1219
3 6 1219
1 5 1220
1 5 1221
1 5 1222
1 5 1223
1 5 1224
1 5 1225
1 5 1226
1 5 1227
1 5 1228
1 5 1229
1 5 1230
1 5 1231
1 5 1232
1 5 1233
1 5 1234
1 5 1235
1 5 1236
1 5 1237
1 5 1238
1 5 1239
1 5 1240
1 5 1241
1 5 1242
1 5 1243
1 5 1244
1 5 1245
1 5 1246
1 5 1247
1 5 1248
1 5 1249
1 5 1250
1 5 1251
1 5 1252
1 5 1253
1 5 1254
1 5 1255
1 5 1256
1 5 1257
1 5 1258
1 5 1259
1 5 1312
1 5 1313
1 5 1314
1 5 1315
1 5 1316
1 5 1317
1 5 1318
1 5 1319
1 5 1320
1 5 1321
1 5 1322
1 5 1323
1 5 1324
1 5 1325
1 5 1326
1 5 1327
1 5 1328
1 5 1329
1 5 1330
1 5 1331
1 5 1332
1 5 1333
1 5 1334
1 5 1335
1 5 1336
1 5 1337
1 5 1338
1 5 1339
1 5 1340
1 5 1341
1 5 1342
1 5 1343
1 5 1344
1 5 1345
1 5 1346
1 5 1347
1 5 1348
1 5 1349
1 5 1350
1 5 1351
1 5 1352
1 5 1353
1 5 1354
1 5 1355
1 5 1356
1 5 1357
1 5 1358
1 5 1359
1 5 1360
1 5 1361
1 5 1362
1 5 1363
1 5 1364
1 5 1365
1 5 1366
1 5 1367
5 3 1375
3 5 1375
5 3 1376
3 5 1376
3 5 1377
5 3 1377
5 3 1378
3 5 1378
5 3 1379
3 5 1379
3 5 1380
5 3 1380
3 5 1381
5 3 1381
3 5 1382
5 3 1382
3 5 1383
5 3 1383
3 5 1384
5 3 1384
3 5 1385
5 3 1385
5 3 1386
3 5 1386
5 3 1387
3 5 1387
3 5 1388
5 3 1388
3 5 1389
5 3 1389
3 5 1390
5 3 1390
3 5 1391
5 3 1391
5 3 1392
3 5 1392
3 5 1393
5 3 1393
5 3 1394
3 5 1394
5 3 1395
3 5 1395
5 3 1396
3 5 1396
3 5 1397
5 3 1397
5 3 1398
3 5 1398
5 3 1399
3 5 1399
5 3 1400
3 5 1400
5 3 1401
3 5 1401
5 3 1402
3 5 1402
5 3 1403
3 5 1403
5 3 1404
3 5 1404
3 5 1405
5 3 1405
5 3 1406
3 5 1406
5 3 1407
3 5 1407
5 3 1408
3 5 1408
5 3 1409
3 5 1409
5 3 1410
3 5 1410
3 5 1411
5 3 1411
3 5 1412
5 3 1412
3 5 1413
5 3 1413
5 3 1414
3 5 1414
3 5 1415
5 3 1415
5 3 1416
3 5 1416
5 3 1417
3 5 1417
3 5 1418
5 3 1418
3 5 1419
5 3 1419
5 3 1420
3 5 1420
5 3 1421
3 5 1421
3 5 1422
5 3 1422
5 3 1423
3 5 1423
3 5 1424
5 3 1424
5 3 1425
3 5 1425
5 3 1426
3 5 1426
5 3 1427
3 5 1427
3 5 1428
5 3 1428
3 5 1429
5 3 1429
3 5 1430
5 3 1430
3 5 1431
5 3 1431
3 5 1432
5 3 1432
3 5 1433
5 3 1433
5 3 1434
3 5 1434
3 5 1435
5 3 1435
5 3 1436
3 5 1436
5 3 1437
3 5 1437
5 3 1438
3 5 1438
5 3 1439
3 5 1439
3 5 1440
5 3 1440
3 5 1441
5 3 1441
