5 6 0
6 5 0
6 2 1
6 5 1
9 7 1
5 2 1
5 6 1
2 6 1
7 9 1
2 5 1
7 9 2
2 5 2
5 6 2
6 5 2
5 2 2
9 7 2
6 2 2
2 6 2
9 7 3
5 2 3
6 2 3
7 9 3
2 5 3
5 6 3
1 9 3
2 6 3
1 7 3
6 5 3
1 9 4
5 6 4
2 5 4
1 7 4
7 9 4
6 5 4
5 2 4
6 2 4
9 7 4
2 6 4
6 2 5
9 7 5
6 5 5
3 2 5
2 3 5
5 6 5
1 7 5
5 2 5
2 5 5
3 6 5
7 9 5
2 6 5
1 9 5
6 3 5
1 9 6
5 2 6
6 2 6
6 3 6
3 2 6
9 7 6
5 6 6
1 7 6
2 5 6
2 6 6
6 5 6
7 9 6
2 3 6
3 6 6
6 3 7
5 3 7
9 7 7
6 2 7
6 5 7
5 2 7
3 2 7
2 5 7
3 5 7
7 9 7
5 6 7
3 6 7
2 3 7
2 6 7
1 9 7
1 7 7
7 9 8
3 6 8
2 5 8
2 6 8
3 5 8
1 9 8
2 3 8
1 7 8
5 6 8
5 2 8
6 3 8
6 2 8
5 3 8
3 2 8
6 5 8
9 7 8
8 4 9
1 9 9
2 3 9
1 7 9
3 5 9
2 5 9
3 6 9
4 8 9
5 6 9
7 9 9
3 2 9
6 5 9
9 7 9
5 3 9
5 2 9
6 3 9
1 9 10
3 6 10
7 9 10
5 6 10
1 7 10
2 5 10
5 2 10
6 5 10
9 7 10
5 3 10
2 3 10
8 4 10
3 2 10
3 5 10
6 3 10
4 8 10
5 2 11
9 7 11
8 4 11
6 3 11
2 5 11
1 9 11
4 8 11
3 6 11
1 7 11
7 9 11
2 5 12
3 6 12
7 9 12
8 4 12
6 3 12
5 2 12
9 7 12
1 7 12
4 8 12
1 9 12
2 5 13
7 9 13
3 6 13
1 9 13
4 8 13
1 7 13
6 3 13
9 7 13
5 2 13
8 4 13
9 7 14
7 9 14
1 7 14
1 9 14
3 6 14
2 5 14
4 8 14
5 2 14
8 4 14
6 3 14
4 8 15
2 5 15
8 4 15
7 9 15
3 6 15
6 3 15
9 7 15
5 2 15
7 9 16
2 5 16
3 6 16
5 2 16
6 3 16
9 7 16
8 4 16
4 8 16
7 9 17
2 5 17
4 8 17
9 7 17
8 4 17
6 3 17
3 6 17
5 2 17
2 5 18
7 9 18
9 7 18
8 4 18
6 3 18
5 2 18
4 8 18
3 6 18
3 6 19
7 9 19
2 5 19
4 8 19
5 2 19
8 4 19
9 7 19
6 3 19
9 7 20
2 5 20
6 3 20
7 9 20
3 6 20
4 8 20
8 4 20
5 2 20
4 8 21
7 9 21
2 5 21
3 6 21
9 7 21
5 2 21
6 3 21
8 4 21
9 7 22
6 3 22
5 2 22
8 4 22
7 9 22
3 6 22
2 5 22
4 8 22
4 8 23
3 6 23
9 7 23
7 9 23
8 4 23
5 2 23
2 5 23
6 3 23
7 9 24
4 8 24
2 5 24
3 6 24
9 7 24
8 4 24
5 2 24
6 3 24
3 6 25
5 2 25
6 3 25
9 7 25
7 9 25
2 5 25
3 6 26
2 5 26
5 2 26
9 7 26
6 3 26
7 9 26
6 3 27
9 7 27
7 9 27
3 6 27
2 5 27
5 2 27
7 9 28
3 6 28
5 2 28
9 7 28
6 3 28
2 5 28
6 3 29
5 2 29
2 5 29
7 9 29
3 6 29
9 7 29
4 3 30
9 7 30
2 5 30
7 9 30
3 4 30
5 2 30
6 3 30
3 6 30
9 7 31
7 9 31
2 5 31
3 4 31
5 2 31
3 6 31
4 3 31
6 3 31
4 3 32
9 7 32
6 3 32
5 2 32
2 5 32
3 6 32
7 9 32
3 4 32
3 6 33
2 5 33
7 9 33
6 3 33
3 4 33
5 2 33
9 7 33
4 3 33
9 7 34
2 5 34
3 4 34
3 6 34
6 4 34
7 9 34
5 2 34
4 6 34
4 3 34
6 3 34
4 6 35
7 9 35
2 5 35
6 4 35
3 6 35
6 3 35
4 3 35
9 7 35
3 4 35
5 2 35
6 3 36
3 6 36
2 5 36
6 4 36
7 9 36
4 6 36
9 7 36
5 2 36
7 9 37
4 6 37
3 6 37
5 2 37
9 7 37
6 4 37
6 3 37
2 5 37
2 5 38
7 9 38
4 6 38
5 2 38
9 7 38
6 4 38
6 3 38
3 6 38
6 4 39
2 5 39
7 9 39
3 6 39
5 2 39
9 7 39
6 3 39
4 6 39
6 4 40
9 7 40
6 3 40
5 2 40
4 6 40
7 9 40
3 6 40
2 5 40
6 3 41
3 6 41
2 5 41
4 6 41
7 9 41
5 2 41
6 4 41
9 7 41
9 7 42
6 3 42
6 4 42
5 2 42
2 5 42
4 6 42
3 6 42
7 9 42
2 1 43
5 2 43
9 7 43
6 3 43
4 6 43
3 6 43
7 9 43
2 5 43
1 2 43
6 4 43
6 4 44
3 6 44
7 9 44
2 5 44
4 6 44
1 2 44
6 3 44
9 7 44
5 2 44
2 1 44
2 1 45
6 3 45
9 7 45
5 2 45
6 4 45
3 6 45
7 9 45
4 6 45
2 5 45
1 2 45
9 7 46
6 3 46
2 1 46
5 2 46
6 4 46
4 6 46
7 9 46
3 6 46
1 2 46
2 5 46
7 9 47
1 2 47
4 6 47
2 1 47
6 3 47
9 7 47
6 4 47
3 6 47
2 5 47
5 2 47
6 4 48
1 2 48
2 5 48
4 6 48
2 1 48
9 7 48
5 2 48
7 9 48
2 5 49
4 6 49
7 9 49
1 2 49
9 7 49
6 4 49
5 2 49
2 1 49
2 1 50
1 2 50
7 9 50
4 6 50
2 5 50
5 2 50
6 4 50
9 7 50
2 1 51
1 2 51
7 9 51
4 6 51
2 5 51
9 7 51
6 4 51
5 2 51
2 5 52
2 1 52
1 2 52
7 9 52
9 7 52
4 6 52
5 2 52
6 4 52
2 1 53
6 4 53
5 2 53
9 7 53
1 2 53
4 6 53
2 5 53
7 9 53
6 4 54
1 5 54
2 5 54
7 9 54
1 2 54
9 7 54
5 2 54
2 1 54
5 1 54
4 6 54
1 2 55
4 6 55
6 4 55
5 2 55
9 7 55
5 1 55
2 5 55
7 9 55
1 5 55
2 1 55
1 5 56
1 2 56
4 6 56
6 4 56
7 9 56
5 2 56
9 7 56
2 5 56
2 1 56
5 1 56
5 2 57
4 6 57
7 9 57
2 5 57
5 1 57
9 7 57
1 2 57
2 1 57
1 5 57
6 4 57
7 9 58
9 7 58
2 1 58
5 1 58
6 4 58
5 2 58
2 5 58
4 6 58
1 5 58
1 2 58
9 7 59
2 5 59
1 5 59
7 9 59
2 1 59
5 1 59
1 2 59
5 2 59
9 7 60
2 5 60
1 2 60
5 2 60
7 9 60
5 1 60
2 1 60
1 5 60
1 2 61
1 5 61
5 2 61
5 1 61
2 1 61
7 9 61
9 7 61
2 5 61
1 5 62
2 5 62
1 2 62
9 7 62
2 1 62
5 2 62
5 1 62
7 9 62
2 1 63
2 5 63
1 5 63
5 1 63
7 9 63
1 2 63
9 7 63
5 2 63
1 2 64
1 5 64
7 9 64
5 1 64
2 5 64
9 7 64
5 2 64
2 1 64
7 9 65
2 5 65
1 2 65
1 5 65
9 7 65
2 1 65
5 1 65
5 2 65
1 5 66
1 2 66
7 9 66
2 1 66
2 5 66
5 2 66
5 1 66
9 7 66
2 1 67
5 1 67
9 7 67
5 2 67
1 2 67
1 5 67
7 9 67
2 5 67
1 5 68
5 2 68
9 7 68
5 1 68
6 4 68
2 5 68
7 9 68
1 2 68
4 6 68
2 1 68
2 1 69
6 4 69
7 9 69
1 5 69
2 5 69
1 2 69
4 6 69
9 7 69
5 1 69
5 2 69
5 2 70
6 4 70
9 7 70
2 1 70
1 2 70
7 9 70
1 5 70
2 5 70
4 6 70
5 1 70
2 5 71
4 6 71
1 2 71
7 9 71
6 4 71
2 1 71
5 2 71
9 7 71
4 6 72
9 7 72
2 1 72
1 2 72
2 5 72
6 4 72
5 2 72
7 9 72
4 6 73
7 9 73
2 5 73
2 1 73
5 2 73
9 7 73
6 4 73
1 2 73
5 2 74
9 7 74
7 9 74
1 2 74
2 1 74
2 5 74
6 4 74
4 6 74
4 6 75
2 1 75
5 2 75
7 9 75
1 2 75
2 5 75
6 4 75
9 7 75
2 5 76
1 2 76
5 2 76
2 1 76
9 7 76
6 4 76
4 6 76
7 9 76
5 2 77
9 7 77
6 4 77
2 1 77
2 5 77
7 9 77
4 6 77
1 2 77
1 2 78
2 5 78
5 2 78
2 1 78
9 7 78
7 9 78
9 7 79
5 2 79
2 1 79
2 5 79
1 2 79
7 9 79
2 1 80
5 2 80
9 7 80
7 9 80
2 5 80
1 2 80
7 9 81
2 1 81
9 7 81
1 2 81
2 1 82
9 7 82
7 9 82
1 2 82
7 9 83
9 7 83
2 1 83
1 2 83
9 7 84
2 1 84
1 2 84
7 9 84
9 7 85
2 1 85
1 2 85
7 9 85
2 1 86
9 7 86
7 9 86
1 2 86
7 9 87
9 7 87
2 1 87
1 2 87
2 1 88
9 7 88
7 9 88
1 2 88
2 1 89
1 2 89
1 2 90
2 1 90
1 2 91
2 1 91
1 2 92
2 1 92
1 2 93
2 1 93
2 1 94
1 2 94
2 1 95
1 2 95
6 7 95
2 1 96
1 2 96
6 7 96
2 1 97
6 7 97
1 2 97
2 1 98
1 2 98
6 7 98
1 2 99
2 1 99
6 7 99
2 1 100
1 2 100
6 7 100
2 1 101
1 2 101
6 7 101
2 1 102
1 2 102
6 7 102
2 1 103
6 7 103
1 2 103
1 2 104
6 7 104
2 1 104
6 7 105
2 1 105
1 2 105
3 9 106
1 2 106
2 1 106
6 7 106
3 9 107
2 1 107
1 2 107
3 9 108
1 2 108
2 1 108
3 9 109
1 2 109
2 1 109
3 9 110
1 2 110
2 1 110
1 2 111
2 1 111
3 9 111
2 1 112
1 2 112
3 9 112
1 2 113
3 9 113
2 1 113
1 2 114
2 1 114
3 9 114
1 2 115
3 9 115
2 1 115
3 9 116
1 2 116
2 1 116
1 2 117
2 1 117
3 9 117
3 9 118
2 1 118
1 2 118
1 2 119
2 1 119
3 9 119
2 1 120
1 2 120
3 9 120
3 9 121
1 2 121
2 1 121
3 9 122
1 2 122
2 1 122
2 1 123
3 9 123
1 2 123
3 9 124
1 2 124
2 1 124
2 1 125
1 2 125
3 9 125
2 1 126
1 2 126
3 9 126
2 1 127
1 2 127
3 9 127
2 1 128
3 9 128
1 2 128
3 9 129
1 2 129
2 1 129
2 1 130
1 2 130
3 9 130
2 1 131
1 2 131
3 9 131
3 9 132
2 1 132
1 2 132
2 1 133
3 9 133
1 2 133
1 2 134
3 9 134
2 1 134
3 9 135
1 2 135
2 1 135
1 2 136
3 9 136
2 1 136
2 1 137
3 9 137
1 2 137
3 9 138
3 9 139
3 9 140
3 9 141
5 9 149
5 9 150
5 9 151
5 9 152
5 9 153
5 9 154
5 9 155
5 9 156
5 9 157
5 9 158
5 9 159
1 9 206
1 9 207
1 9 208
1 9 209
1 9 210
1 9 211
1 9 212
1 9 213
1 9 214
1 9 215
1 9 216
1 9 217
1 9 218
1 9 219
1 9 220
1 9 221
1 9 222
1 9 223
1 9 224
1 9 225
1 9 226
1 9 227
1 9 228
1 9 229
1 9 230
1 9 231
1 9 232
1 9 233
1 9 234
1 9 235
1 9 236
1 9 237
1 9 238
1 9 239
1 9 240
1 9 241
1 9 242
1 9 243
1 9 244
1 9 245
1 9 246
1 9 247
1 9 248
1 9 249
1 9 250
1 9 251
1 9 252
1 9 253
1 9 254
1 9 255
1 9 256
1 9 257
1 9 258
1 9 259
1 9 260
1 9 261
1 9 262
1 9 263
7 8 346
7 8 347
7 8 348
7 8 349
7 8 350
7 8 351
7 8 352
7 8 353
7 8 354
7 8 355
7 8 356
7 8 357
7 8 358
7 8 359
7 8 360
7 8 361
7 8 362
7 8 363
7 8 364
7 8 365
7 8 366
7 8 367
6 4 367
4 6 367
7 8 368
6 4 368
4 6 368
7 8 369
6 4 369
4 6 369
4 6 370
6 4 370
4 6 371
6 4 371
4 6 372
6 4 372
4 6 373
6 4 373
4 6 374
6 4 374
4 6 375
6 4 375
4 6 376
6 4 376
6 4 377
4 6 377
4 6 378
6 4 378
6 4 379
4 6 379
4 6 380
6 4 380
6 4 381
4 6 381
6 4 382
4 6 382
6 4 383
4 6 383
6 4 384
4 6 384
5 3 385
6 4 385
3 5 385
4 6 385
6 4 386
3 5 386
4 6 386
5 3 386
6 4 387
5 3 387
4 6 387
3 5 387
5 3 388
6 4 388
3 5 388
4 6 388
5 3 389
6 4 389
3 5 389
4 6 389
6 4 390
5 3 390
4 6 390
3 5 390
4 6 391
6 4 391
5 3 391
3 5 391
5 3 392
3 5 392
4 6 392
6 4 392
4 6 393
3 5 393
5 3 393
6 4 393
4 6 394
3 5 394
6 4 394
5 3 394
4 6 395
3 5 395
6 4 395
5 3 395
4 6 396
5 3 396
6 4 396
3 5 396
5 3 397
3 5 397
4 6 397
6 4 397
3 5 398
5 3 398
4 6 398
6 4 398
6 4 399
4 6 399
5 3 399
3 5 399
5 3 400
3 5 400
4 6 400
6 4 400
6 4 401
5 3 401
3 5 401
4 6 401
6 4 402
5 3 402
4 6 402
3 5 402
3 5 403
4 6 403
6 4 403
5 3 403
5 3 404
6 4 404
3 5 404
4 6 404
4 6 405
3 5 405
5 3 405
6 4 405
3 5 406
5 3 406
4 6 406
6 4 406
3 5 407
4 6 407
6 4 407
5 3 407
4 6 408
3 5 408
5 3 408
6 4 408
3 5 409
4 6 409
6 4 409
5 3 409
4 6 410
3 5 410
5 3 410
6 4 410
3 5 411
4 6 411
6 4 411
5 3 411
5 3 412
4 6 412
3 5 412
6 4 412
4 6 413
3 5 413
6 4 413
5 3 413
4 6 414
6 4 414
5 3 414
3 5 414
6 4 415
5 3 415
4 6 415
3 5 415
5 3 416
6 4 416
3 5 416
4 6 416
6 4 417
3 5 417
4 6 417
5 3 417
6 4 418
5 3 418
3 5 418
4 6 418
4 6 419
5 3 419
3 5 419
6 4 419
3 5 420
4 6 420
5 3 420
6 4 420
4 6 421
3 5 421
6 4 421
5 3 421
4 6 422
3 5 422
5 3 422
6 4 422
6 4 423
5 3 423
4 6 423
3 5 423
6 4 424
5 3 424
3 5 424
4 6 424
5 7 424
3 5 425
5 7 425
3 7 425
5 3 425
3 5 426
3 7 426
5 7 426
5 3 426
3 7 427
5 7 427
3 5 427
5 3 427
3 5 428
3 7 428
5 7 428
5 3 428
5 3 429
3 7 429
5 7 429
3 5 429
5 7 430
3 5 430
5 3 430
3 7 430
5 3 431
3 7 431
5 7 431
3 5 431
5 7 432
3 5 432
3 7 432
5 3 432
3 7 433
5 7 433
3 5 433
5 3 433
5 3 434
3 5 434
5 7 434
3 7 434
5 3 435
5 7 435
3 7 435
3 5 435
3 7 436
5 7 436
3 5 436
5 3 436
5 3 437
3 5 437
5 7 437
3 7 437
3 5 438
5 3 438
5 7 438
3 7 438
5 7 439
5 3 439
3 7 439
3 5 439
5 7 440
3 5 440
5 3 440
3 7 440
3 5 441
5 7 441
3 7 441
5 3 441
3 7 442
3 5 442
5 7 442
5 3 442
3 5 443
3 7 443
5 3 443
5 3 444
3 7 444
3 5 444
5 3 445
3 5 445
3 7 445
3 5 446
3 7 446
5 3 446
5 3 447
3 5 447
3 7 447
5 3 448
3 7 448
3 5 448
5 3 449
3 5 449
3 7 449
3 5 450
5 3 450
3 5 451
5 3 451
3 5 452
5 3 452
3 5 453
5 3 453
5 3 454
3 5 454
3 5 455
5 3 455
5 3 456
3 5 456
3 5 457
5 3 457
3 5 458
5 3 458
5 3 459
3 5 459
5 3 460
3 5 460
5 3 461
3 5 461
5 3 462
3 5 462
5 3 463
3 5 463
3 5 464
5 3 464
5 3 465
3 5 465
5 3 466
3 5 466
3 5 467
5 3 467
3 5 468
5 3 468
3 5 469
5 3 469
3 5 470
5 3 470
5 3 471
3 5 471
5 3 472
6 7 472
3 5 472
3 5 473
5 3 473
6 7 473
6 7 474
3 5 474
5 3 474
5 3 475
3 5 475
6 7 475
5 3 476
3 5 476
6 7 476
5 3 477
6 7 477
3 5 477
6 7 478
3 5 478
5 3 478
3 5 479
6 7 479
5 3 479
5 3 480
3 5 480
6 7 480
6 7 481
5 3 481
3 5 481
6 7 482
3 5 482
5 3 482
6 7 483
3 5 483
5 3 483
6 7 484
5 3 484
3 5 484
3 5 485
6 7 485
5 3 485
3 5 486
6 7 486
5 3 486
3 5 487
6 7 487
5 3 487
6 7 488
5 3 488
3 5 488
3 5 489
6 7 489
5 3 489
5 3 490
3 5 490
6 7 490
5 3 491
3 5 491
6 7 491
5 3 492
6 7 492
3 5 492
5 3 493
3 5 493
6 7 493
3 5 494
5 3 494
6 7 494
3 5 495
5 3 495
6 7 495
5 3 496
3 5 496
6 7 496
6 7 497
5 3 497
3 5 497
3 5 498
6 7 498
5 3 498
5 3 499
6 7 499
3 5 499
6 7 500
3 5 500
5 3 500
3 5 501
6 7 501
5 3 501
6 7 502
3 5 502
5 3 502
6 7 503
3 5 503
5 3 503
6 7 504
6 7 505
6 7 506
6 7 507
6 7 508
6 7 509
6 7 510
6 7 511
6 7 512
6 7 513
6 7 514
6 7 515
6 7 516
6 7 517
6 7 518
5 9 518
6 7 519
5 9 519
5 9 520
6 7 520
5 9 521
5 9 522
5 9 523
5 9 524
5 9 525
5 9 526
5 9 527
5 9 528
5 9 529
5 9 530
5 9 531
5 9 532
5 9 533
5 9 534
5 9 535
5 9 536
5 9 537
5 9 538
5 9 539
5 9 540
5 9 541
5 9 542
5 9 543
5 9 544
5 9 545
5 9 546
5 9 547
5 9 548
5 9 549
7 9 549
5 7 549
9 7 549
9 7 550
7 9 550
5 9 550
5 7 550
5 9 551
5 7 551
7 9 551
9 7 551
5 7 552
7 9 552
5 9 552
9 7 552
7 9 553
5 7 553
5 9 553
9 7 553
9 7 554
5 9 554
5 7 554
7 9 554
5 9 555
5 7 555
9 7 555
7 9 555
9 7 556
5 7 556
5 9 556
7 9 556
5 9 557
5 7 557
7 9 557
9 7 557
9 7 558
7 9 558
5 9 558
5 7 558
9 7 559
5 9 559
7 9 559
5 7 559
5 9 560
9 7 560
5 7 560
7 9 560
5 9 561
5 7 561
9 7 561
7 9 561
7 9 562
5 7 562
5 9 562
9 7 562
5 7 563
5 9 563
7 9 563
9 7 563
5 9 564
7 9 564
5 7 564
9 7 564
9 7 565
5 9 565
5 7 565
7 9 565
5 7 566
9 7 566
7 9 566
5 9 566
9 7 567
7 9 567
5 9 567
5 7 567
5 7 568
5 9 568
7 9 568
9 7 568
9 7 569
5 7 569
5 9 569
7 9 569
5 9 570
5 7 570
9 7 570
7 9 570
9 7 571
5 7 571
7 9 571
5 9 571
9 7 572
7 9 572
5 7 572
5 9 572
9 7 573
5 9 573
7 9 573
5 7 573
9 7 574
5 7 574
5 9 574
7 9 574
9 7 575
5 9 575
5 7 575
7 9 575
7 9 576
5 7 576
5 9 576
9 7 576
5 9 577
7 9 577
5 7 577
9 7 577
9 7 578
5 9 578
5 7 578
7 9 578
5 9 579
9 7 579
5 7 579
7 9 579
5 9 580
7 9 580
5 7 580
9 7 580
9 7 581
7 9 581
5 7 581
5 9 581
5 9 582
5 7 582
7 9 582
9 7 582
9 7 583
5 9 583
5 7 583
7 9 583
7 9 584
5 7 584
9 7 584
5 9 584
5 7 585
5 9 585
7 9 585
9 7 585
5 7 586
7 9 586
5 9 586
9 7 586
9 7 587
5 7 587
7 9 587
5 9 587
5 7 588
7 9 588
5 9 588
9 7 588
7 9 589
5 9 589
5 7 589
9 7 589
5 7 590
5 9 590
9 7 590
7 9 590
5 7 591
9 7 591
5 9 591
7 9 591
5 9 592
5 7 592
9 7 592
7 9 592
5 7 593
5 9 593
9 7 593
7 9 593
5 9 594
7 9 594
9 7 594
5 7 594
9 7 595
5 7 595
5 9 595
7 9 595
7 9 596
9 7 596
9 7 597
7 9 597
7 9 598
9 7 598
9 7 599
7 9 599
9 7 600
7 9 600
9 7 601
7 9 601
7 9 602
9 7 602
9 7 603
7 9 603
7 9 604
9 7 604
7 9 605
9 7 605
7 9 606
9 7 606
7 9 607
9 7 607
7 9 608
9 7 608
9 7 609
7 9 609
9 7 610
7 9 610
9 7 611
7 9 611
9 7 612
7 9 612
6 3 613
9 7 613
3 6 613
7 9 613
6 3 614
9 7 614
7 9 614
3 6 614
9 7 615
3 6 615
7 9 615
6 3 615
3 6 616
7 9 616
6 3 616
9 7 616
3 6 617
9 7 617
6 3 617
7 9 617
9 7 618
6 3 618
3 6 618
7 9 618
9 7 619
6 3 619
3 6 619
7 9 619
9 7 620
6 3 620
7 9 620
3 6 620
3 6 621
9 7 621
6 3 621
7 9 621
3 6 622
7 9 622
6 3 622
9 7 622
9 7 623
6 3 623
3 6 623
7 9 623
9 7 624
3 6 624
7 9 624
6 3 624
6 3 625
9 7 625
3 6 625
7 9 625
3 6 626
7 9 626
9 7 626
6 3 626
9 7 627
6 3 627
3 6 627
7 9 627
3 6 628
7 9 628
9 7 628
6 3 628
7 9 629
9 7 629
3 6 629
6 3 629
7 9 630
6 3 630
3 6 630
9 7 630
9 7 631
6 3 631
3 6 631
7 9 631
9 7 632
6 3 632
7 9 632
3 6 632
3 6 633
6 3 633
7 9 633
9 7 633
6 3 634
3 6 634
6 3 635
3 6 635
6 3 636
3 6 636
6 3 637
3 6 637
6 3 638
3 6 638
6 3 639
3 6 639
6 7 639
3 6 640
6 7 640
6 3 640
6 3 641
6 7 641
3 6 641
3 6 642
6 3 642
6 7 642
6 3 643
6 7 643
3 6 643
6 3 644
3 6 644
6 7 644
6 3 645
3 6 645
6 7 645
3 6 646
6 7 646
6 3 646
6 3 647
3 6 647
6 7 647
6 3 648
3 6 648
6 7 648
6 7 649
6 3 649
3 6 649
3 6 650
6 3 650
6 7 650
6 7 651
3 6 651
6 3 651
6 3 652
6 7 652
3 6 652
6 3 653
6 7 653
3 6 653
6 3 654
6 7 654
3 6 654
6 3 655
3 6 655
6 7 655
6 7 656
6 3 656
3 6 656
6 7 657
3 6 657
6 3 657
3 6 658
6 7 658
6 3 658
3 6 659
6 7 659
6 3 659
6 3 660
3 6 660
6 7 660
6 3 661
3 6 661
6 7 661
6 7 662
3 6 662
6 3 662
3 6 663
6 7 663
6 3 663
6 7 664
3 6 664
6 3 664
3 6 665
6 3 665
3 9 676
3 9 677
3 9 678
3 9 679
3 9 680
3 9 681
3 9 682
3 9 683
3 9 684
3 9 685
3 9 686
3 9 687
3 9 688
3 9 689
3 9 690
3 9 691
3 9 692
3 9 693
3 9 694
3 9 695
3 9 696
3 9 697
3 9 698
3 9 699
3 9 700
3 9 701
3 9 702
3 9 703
3 9 704
3 9 705
3 9 706
3 9 707
3 9 708
3 9 709
3 9 710
3 9 711
3 9 712
3 9 713
3 9 714
3 9 740
3 9 741
3 9 742
3 9 743
3 9 744
3 9 745
3 9 746
3 9 747
3 9 748
3 9 749
3 9 750
3 9 751
3 9 752
3 9 753
3 9 754
6 2 775
2 6 775
6 2 776
2 6 776
2 6 777
6 2 777
2 6 778
6 2 778
6 2 779
2 6 779
6 2 780
2 6 780
2 6 781
6 2 781
2 6 782
6 2 782
2 6 783
6 2 783
2 6 784
6 2 784
2 6 785
6 2 785
6 2 786
2 6 786
2 6 787
6 2 787
2 6 788
6 2 788
6 2 789
2 6 789
6 2 790
2 6 790
2 6 791
6 2 791
2 6 792
6 2 792
2 6 793
6 2 793
2 6 794
6 2 794
6 2 795
2 6 795
6 2 796
2 6 796
6 2 797
2 6 797
6 2 798
2 6 798
6 2 799
2 6 799
6 2 800
2 6 800
2 6 801
6 2 801
2 6 802
6 2 802
2 6 803
6 2 803
2 6 804
6 2 804
2 6 805
6 2 805
6 2 806
2 6 806
2 6 807
6 2 807
2 6 808
6 2 808
2 6 809
6 2 809
2 6 810
6 2 810
2 6 811
6 2 811
6 2 812
2 6 812
6 2 813
2 6 813
2 6 814
6 2 814
6 2 815
2 6 815
3 2 876
2 3 876
3 2 877
2 3 877
2 3 878
3 2 878
3 2 879
2 3 879
3 2 880
2 3 880
2 3 881
3 2 881
2 3 882
3 2 882
2 3 883
3 2 883
3 2 884
2 3 884
3 2 885
2 3 885
2 3 886
3 2 886
3 2 887
2 3 887
3 2 888
2 3 888
3 2 889
2 3 889
3 2 890
2 3 890
3 2 891
2 3 891
2 3 892
3 2 892
3 2 893
2 3 893
2 3 894
3 2 894
2 3 895
3 2 895
2 3 896
3 2 896
2 3 897
3 2 897
2 3 898
3 2 898
2 3 899
3 2 899
2 3 900
3 2 900
3 2 901
2 3 901
2 3 902
3 2 902
2 3 903
3 2 903
2 3 904
3 2 904
3 2 905
2 3 905
2 3 906
3 2 906
3 2 907
2 3 907
2 3 908
3 2 908
3 2 909
2 3 909
2 3 910
3 2 910
3 2 911
2 3 911
3 2 912
2 3 912
2 3 913
3 2 913
3 2 914
2 3 914
3 2 915
2 3 915
3 2 916
2 3 916
3 2 917
2 3 917
3 2 918
2 3 918
3 2 919
2 3 919
3 2 920
2 3 920
2 3 921
3 2 921
3 2 922
2 3 922
2 3 923
3 2 923
2 3 924
3 2 924
2 3 925
3 2 925
3 2 926
2 3 926
3 2 927
2 3 927
2 3 928
3 2 928
2 3 929
3 2 929
3 2 930
2 3 930
2 3 931
3 2 931
3 2 932
2 3 932
2 3 933
3 2 933
3 2 934
2 3 934
2 3 935
3 2 935
3 2 936
2 3 936
3 2 937
2 3 937
2 3 938
3 2 938
2 3 939
3 2 939
2 3 940
3 2 940
3 2 941
2 3 941
3 2 942
2 3 942
3 2 943
2 3 943
3 2 944
2 3 944
2 3 945
3 2 945
2 3 946
3 2 946
3 2 947
2 3 947
2 3 948
3 2 948
2 3 949
3 2 949
2 3 950
3 2 950
2 3 951
3 2 951
2 3 952
3 2 952
2 3 953
3 2 953
3 2 954
2 3 954
2 3 955
3 2 955
3 2 956
2 3 956
2 3 957
3 2 957
6 7 1010
6 7 1011
6 7 1012
6 7 1013
6 7 1014
6 7 1015
6 7 1016
6 7 1017
6 7 1018
6 7 1019
6 7 1020
6 7 1021
6 7 1022
6 7 1023
6 7 1024
6 7 1025
6 7 1026
6 7 1027
6 7 1028
6 7 1029
4 7 1036
4 7 1037
4 7 1038
4 7 1039
4 7 1040
4 7 1041
4 7 1042
4 7 1043
4 7 1044
4 7 1045
4 7 1046
4 7 1047
4 7 1048
4 7 1049
4 7 1050
4 7 1051
4 7 1052
4 7 1053
4 7 1054
4 7 1055
4 7 1056
4 7 1057
4 7 1058
4 7 1059
4 7 1060
4 7 1061
4 7 1062
4 7 1063
4 7 1064
4 7 1065
4 7 1066
4 7 1067
4 7 1068
4 7 1069
4 7 1070
4 7 1071
4 7 1072
4 7 1073
4 7 1074
4 7 1075
4 7 1076
4 7 1077
4 7 1078
4 7 1092
4 7 1093
4 7 1094
4 7 1095
4 7 1096
4 7 1097
4 7 1098
4 7 1099
4 7 1100
4 7 1101
4 7 1102
4 7 1103
4 7 1104
3 7 1104
4 7 1105
3 7 1105
3 7 1106
4 7 1106
4 7 1107
3 7 1107
3 7 1108
4 7 1108
3 7 1109
4 7 1109
3 7 1110
4 7 1110
3 7 1111
4 7 1111
3 7 1112
4 7 1112
4 7 1113
3 7 1113
3 7 1114
4 7 1114
3 7 1115
4 7 1115
4 7 1116
3 7 1116
3 7 1117
4 7 1117
3 7 1118
4 7 1118
3 7 1119
4 7 1119
3 7 1120
4 7 1120
3 7 1121
4 7 1121
3 7 1122
4 7 1122
4 7 1123
4 7 1124
4 7 1125
4 7 1126
4 7 1127
4 7 1128
4 7 1129
4 7 1130
4 7 1131
4 7 1132
4 7 1133
4 7 1134
4 7 1135
4 7 1136
4 7 1137
4 7 1138
4 7 1139
4 7 1140
4 7 1141
4 7 1142
4 7 1143
4 7 1144
4 7 1145
4 7 1146
4 7 1147
4 7 1148
4 7 1149
3 7 1150
4 7 1150
4 7 1151
3 7 1151
3 7 1152
4 7 1152
3 7 1153
4 7 1153
4 7 1154
3 7 1154
4 7 1155
3 7 1155
3 7 1156
4 7 1156
4 7 1157
3 7 1157
4 7 1158
3 7 1158
4 7 1159
3 7 1159
4 7 1160
3 7 1160
4 7 1161
3 7 1161
4 7 1162
3 7 1162
4 7 1163
3 7 1163
3 7 1164
4 7 1164
3 7 1165
3 7 1166
3 7 1167
3 7 1168
3 7 1169
3 7 1170
3 7 1171
3 7 1172
3 7 1173
3 7 1174
3 7 1175
3 7 1176
2 7 1176
2 7 1177
3 7 1177
2 7 1178
3 7 1178
2 7 1179
3 7 1179
3 7 1180
2 7 1180
2 7 1181
2 7 1182
2 7 1183
3 4 1183
4 3 1183
4 3 1184
3 4 1184
2 7 1184
3 4 1185
2 7 1185
4 3 1185
2 7 1186
3 4 1186
4 3 1186
2 7 1187
3 4 1187
4 3 1187
3 4 1188
2 7 1188
4 3 1188
4 3 1189
3 4 1189
2 7 1189
4 3 1190
3 4 1190
2 7 1190
3 7 1190
4 3 1191
2 7 1191
3 4 1191
3 7 1191
4 3 1192
2 7 1192
3 4 1192
3 7 1192
2 7 1193
4 3 1193
3 7 1193
3 4 1193
2 7 1194
3 7 1194
3 4 1194
4 3 1194
3 4 1195
3 7 1195
4 3 1195
3 7 1196
4 3 1196
3 4 1196
3 7 1197
4 3 1197
3 4 1197
3 4 1198
3 7 1198
4 3 1198
3 7 1199
3 4 1199
4 3 1199
3 4 1200
3 7 1200
4 3 1200
4 3 1201
3 7 1201
3 4 1201
4 3 1202
3 4 1202
3 7 1202
4 3 1203
3 4 1203
3 7 1203
4 3 1204
3 7 1204
3 4 1204
3 4 1205
3 7 1205
4 3 1205
3 4 1206
3 7 1206
4 3 1206
3 7 1207
3 7 1208
3 7 1209
3 7 1210
3 7 1211
3 7 1212
3 7 1213
3 7 1214
4 7 1215
3 7 1215
3 7 1216
4 7 1216
4 7 1217
3 7 1217
3 7 1218
4 7 1218
3 7 1219
4 7 1219
3 7 1220
4 7 1220
3 7 1221
4 7 1221
4 7 1222
3 7 1222
4 7 1223
3 7 1223
4 7 1224
3 7 1224
3 7 1225
4 7 1225
3 7 1226
4 7 1226
3 7 1227
4 7 1227
3 7 1228
4 7 1228
4 7 1229
3 7 1229
3 7 1230
4 7 1230
4 7 1231
3 7 1231
3 7 1232
4 7 1232
4 7 1233
3 7 1233
4 7 1234
3 7 1234
4 7 1235
3 7 1235
3 7 1236
4 7 1236
3 7 1237
4 7 1237
3 7 1238
4 7 1238
3 7 1239
4 7 1239
3 7 1240
4 7 1240
4 7 1241
3 7 1241
3 7 1242
4 7 1242
3 7 1243
4 7 1243
3 7 1244
4 7 1244
3 7 1245
4 7 1245
3 7 1246
4 7 1246
4 7 1247
3 7 1247
4 7 1248
3 7 1248
4 7 1249
4 7 1250
4 7 1251
4 7 1252
4 7 1253
4 7 1254
4 7 1255
4 7 1256
3 7 1270
3 7 1271
3 7 1272
3 7 1273
3 7 1274
3 7 1275
3 7 1276
3 7 1277
2 3 1284
3 2 1284
3 2 1285
2 3 1285
2 3 1286
3 2 1286
3 2 1287
2 3 1287
3 2 1288
2 3 1288
3 2 1289
2 3 1289
3 7 1298
3 7 1299
3 7 1300
3 7 1301
3 7 1302
3 7 1303
3 7 1304
3 7 1305
3 7 1306
3 7 1307
3 7 1308
3 7 1309
3 7 1310
3 7 1311
3 7 1312
3 7 1313
3 7 1314
3 7 1315
3 7 1316
3 7 1317
2 9 1327
2 9 1328
2 9 1329
2 9 1330
2 9 1331
4 7 1332
2 9 1332
4 7 1333
2 9 1333
4 7 1334
2 9 1334
2 9 1335
4 7 1335
4 7 1336
2 9 1336
2 9 1337
4 7 1337
4 7 1338
2 9 1338
4 7 1339
2 9 1339
4 7 1340
2 9 1340
4 7 1341
2 9 1341
2 9 1342
4 7 1342
2 9 1343
2 9 1344
2 9 1345
2 9 1346
2 9 1347
2 9 1348
2 9 1349
2 9 1350
2 9 1351
2 9 1352
2 9 1353
2 9 1354
2 9 1355
2 9 1356
2 9 1357
2 9 1358
2 9 1359
2 9 1360
2 9 1361
2 9 1362
2 9 1363
2 9 1364
2 9 1365
2 9 1366
2 9 1367
1 4 1407
4 1 1407
1 4 1408
4 1 1408
1 4 1409
4 1 1409
1 4 1410
4 1 1410
4 1 1411
1 4 1411
1 4 1412
4 1 1412
4 1 1413
1 4 1413
1 4 1414
4 1 1414
1 4 1415
4 1 1415
4 1 1416
1 4 1416
1 4 1417
4 1 1417
4 1 1418
1 4 1418
4 1 1419
1 4 1419
1 4 1420
4 1 1420
4 1 1421
1 4 1421
1 4 1422
4 1 1422
4 1 1423
1 4 1423
4 1 1424
1 4 1424
4 1 1425
1 4 1425
4 1 1426
1 4 1426
1 4 1427
4 1 1427
4 1 1428
1 4 1428
4 1 1429
1 4 1429
4 1 1430
1 4 1430
1 4 1431
4 1 1431
1 4 1432
4 1 1432
1 4 1433
4 1 1433
1 4 1434
4 1 1434
4 1 1435
1 4 1435
4 1 1436
1 4 1436
4 1 1437
1 4 1437
4 1 1438
1 4 1438
4 1 1439
1 4 1439
4 1 1440
1 4 1440
4 1 1441
1 4 1441
4 1 1442
1 4 1442
1 4 1443
4 1 1443
4 1 1444
1 4 1444
1 4 1445
4 1 1445
4 1 1446
1 4 1446
1 4 1447
4 1 1447
1 4 1448
4 1 1448
4 1 1449
1 4 1449
4 1 1450
1 4 1450
1 4 1451
2 9 1451
4 1 1451
2 9 1452
1 4 1452
4 1 1452
2 9 1453
2 9 1454
2 9 1455
2 9 1456
2 9 1457
2 9 1458
6 7 1460
6 7 1461
6 7 1462
6 7 1463
6 7 1464
6 7 1465
6 7 1466
6 7 1467
6 7 1468
6 7 1469
6 7 1470
6 7 1471
6 7 1472
6 7 1473
6 7 1474
6 7 1475
6 7 1476
6 7 1477
6 7 1478
6 7 1479
6 7 1480
6 7 1481
6 7 1482
6 7 1483
6 7 1484
6 7 1485
6 7 1486
6 7 1487
6 7 1488
6 7 1489
6 7 1490
6 7 1491
6 7 1492
6 7 1493
8 9 1501
8 9 1502
8 9 1503
8 9 1504
8 9 1505
8 9 1506
8 9 1507
8 9 1508
4 7 1508
8 9 1509
4 7 1509
8 9 1510
4 7 1510
8 9 1511
4 7 1511
8 9 1512
4 7 1512
4 7 1513
8 9 1513
8 9 1514
4 7 1514
8 9 1515
4 7 1515
8 9 1516
4 7 1516
4 7 1517
8 9 1517
8 9 1518
4 7 1518
8 9 1519
4 7 1519
4 7 1520
8 9 1520
8 9 1521
4 7 1521
4 7 1522
8 9 1522
8 9 1523
4 7 1523
4 7 1524
8 9 1524
8 9 1525
4 7 1525
4 7 1526
8 9 1526
4 7 1527
8 9 1527
8 9 1528
4 7 1528
4 7 1529
8 9 1529
8 9 1530
4 7 1530
8 9 1531
4 7 1531
8 9 1532
4 7 1532
8 9 1533
4 7 1533
4 7 1534
8 9 1534
4 7 1535
8 9 1535
4 7 1536
8 9 1536
8 9 1537
4 7 1537
8 9 1538
4 7 1538
8 9 1539
4 7 1539
4 7 1540
8 9 1540
4 7 1541
8 9 1541
8 9 1542
4 7 1542
4 7 1543
8 9 1543
4 7 1544
8 9 1544
4 7 1545
8 9 1545
4 7 1546
8 9 1546
4 7 1547
8 9 1547
4 7 1548
8 9 1548
8 9 1549
4 7 1549
4 7 1550
8 9 1550
4 7 1551
8 9 1551
4 7 1552
8 9 1552
8 9 1553
4 7 1553
8 9 1554
4 7 1554
8 9 1555
4 7 1555
4 7 1556
8 9 1556
8 9 1557
4 7 1557
8 9 1558
4 7 1558
8 9 1559
4 7 1559
4 7 1560
8 9 1560
4 7 1561
8 9 1561
4 7 1562
8 9 1562
8 9 1563
4 7 1563
4 7 1564
8 9 1564
4 7 1565
8 9 1565
4 7 1566
8 9 1566
4 7 1567
8 9 1567
8 9 1568
4 7 1568
8 9 1569
4 7 1569
4 7 1570
8 9 1570
8 9 1571
4 7 1571
8 9 1572
4 7 1572
8 9 1573
4 7 1573
4 7 1574
8 9 1574
8 9 1575
4 7 1575
8 9 1576
4 7 1576
8 9 1577
4 7 1577
4 7 1578
8 9 1578
4 7 1579
8 9 1579
4 7 1580
8 9 1580
4 7 1581
4 7 1582
1 7 1583
1 7 1584
1 7 1585
1 7 1586
1 7 1587
1 7 1588
1 7 1589
1 7 1590
1 7 1591
1 3 1630
3 1 1630
3 1 1631
1 3 1631
1 3 1632
3 1 1632
3 1 1633
1 3 1633
1 3 1634
3 1 1634
1 3 1635
3 1 1635
3 1 1636
1 3 1636
1 3 1637
3 1 1637
9 7 1685
7 9 1685
9 7 1686
7 9 1686
7 9 1687
9 7 1687
7 9 1688
9 7 1688
7 9 1689
9 7 1689
7 9 1690
9 7 1690
7 9 1691
9 7 1691
7 9 1692
9 7 1692
7 9 1693
9 7 1693
9 7 1694
7 9 1694
7 9 1695
9 7 1695
7 9 1696
9 7 1696
7 9 1697
9 7 1697
7 9 1698
9 7 1698
7 9 1699
9 7 1699
7 9 1700
9 7 1700
9 7 1701
7 9 1701
7 9 1702
9 7 1702
7 9 1703
9 7 1703
7 9 1704
9 7 1704
7 9 1705
9 7 1705
9 7 1706
7 9 1706
7 9 1707
9 7 1707
9 7 1708
7 9 1708
7 9 1709
9 7 1709
9 7 1710
7 9 1710
7 9 1711
9 7 1711
9 7 1712
7 9 1712
9 7 1713
7 9 1713
7 9 1714
9 7 1714
9 7 1715
7 9 1715
7 9 1716
9 7 1716
7 9 1717
9 7 1717
9 7 1718
7 9 1718
9 7 1719
7 9 1719
9 7 1720
7 9 1720
9 7 1721
7 9 1721
9 7 1722
7 9 1722
9 7 1723
7 9 1723
7 9 1724
9 7 1724
7 9 1725
9 7 1725
7 9 1726
9 7 1726
7 9 1727
9 7 1727
9 7 1728
7 9 1728
9 7 1729
7 9 1729
7 9 1730
9 7 1730
9 7 1731
7 9 1731
7 9 1732
9 7 1732
7 9 1733
9 7 1733
9 7 1734
7 9 1734
7 9 1735
9 7 1735
7 9 1736
9 7 1736
9 7 1737
7 9 1737
9 7 1738
7 9 1738
7 9 1739
9 7 1739
7 9 1740
9 7 1740
7 9 1741
9 7 1741
9 7 1742
7 9 1742
7 9 1743
9 7 1743
7 9 1744
9 7 1744
7 9 1745
9 7 1745
7 9 1746
9 7 1746
7 9 1747
9 7 1747
9 7 1748
7 9 1748
9 7 1749
7 9 1749
9 7 1750
7 9 1750
9 7 1751
7 9 1751
9 7 1752
7 9 1752
9 7 1753
7 9 1753
9 7 1754
7 9 1754
7 9 1755
9 7 1755
7 9 1756
9 7 1756
7 9 1757
9 7 1757
7 9 1758
9 7 1758
7 9 1759
9 7 1759
7 9 1760
9 7 1760
7 9 1761
9 7 1761
9 7 1762
7 9 1762
7 9 1763
9 7 1763
9 7 1764
7 9 1764
9 7 1765
7 9 1765
9 7 1766
7 9 1766
9 7 1767
7 9 1767
9 7 1768
7 9 1768
9 7 1769
7 9 1769
9 7 1770
7 9 1770
9 7 1771
7 8 1771
7 9 1771
9 7 1772
7 9 1772
7 8 1772
7 8 1773
7 9 1773
9 7 1773
7 9 1774
7 8 1774
9 7 1774
7 8 1775
7 9 1775
9 7 1775
9 7 1776
7 9 1776
7 9 1777
9 7 1777
9 7 1778
7 9 1778
7 9 1779
9 7 1779
7 9 1780
9 7 1780
9 7 1781
7 9 1781
7 9 1782
9 7 1782
7 9 1783
9 7 1783
7 9 1784
9 7 1784
7 9 1785
9 7 1785
7 9 1786
9 7 1786
