1 7 0
1 7 1
1 7 2
1 7 3
1 7 4
7 8 70
7 8 71
7 8 72
7 8 73
7 8 74
7 8 75
7 8 76
7 8 77
7 8 78
7 8 79
7 8 80
7 8 81
7 8 82
7 8 83
7 8 96
7 8 97
7 8 98
7 8 99
7 8 100
7 8 101
7 8 102
7 8 103
7 8 104
7 8 105
7 8 106
7 8 107
7 8 108
7 8 109
7 8 110
7 8 111
7 8 112
7 8 113
7 8 114
7 8 115
7 8 116
7 8 117
8 4 117
4 8 117
4 8 118
7 8 118
8 4 118
8 4 119
7 8 119
4 8 119
4 8 120
8 4 120
7 8 120
8 4 121
4 8 121
7 8 121
4 7 121
4 8 122
4 7 122
7 8 122
8 4 122
8 4 123
7 8 123
4 8 123
4 7 123
7 8 124
4 8 124
4 7 124
8 4 124
8 4 125
4 7 125
4 8 125
7 8 125
8 4 126
4 7 126
7 8 126
4 8 126
8 4 127
7 8 127
4 8 127
4 7 127
8 4 128
4 7 128
7 8 128
4 8 128
4 8 129
4 7 129
8 4 129
7 8 129
8 4 130
7 8 130
4 8 130
4 7 130
8 4 131
7 8 131
4 8 131
4 7 131
8 4 132
7 8 132
4 8 132
4 7 132
7 8 133
4 8 133
4 7 133
8 4 133
8 4 134
4 7 134
7 8 134
4 8 134
7 8 135
4 6 135
4 8 135
4 7 135
8 4 135
6 4 135
7 8 136
4 6 136
4 7 136
4 8 136
6 4 136
8 4 136
8 4 137
6 4 137
4 6 137
4 7 137
7 8 137
4 8 137
6 4 138
8 4 138
4 6 138
7 8 138
4 7 138
4 8 138
4 7 139
4 6 139
7 8 139
8 4 139
4 8 139
6 4 139
8 4 140
6 4 140
7 8 140
4 8 140
4 6 140
4 7 140
4 8 141
8 4 141
6 4 141
7 8 141
4 6 141
4 7 141
8 4 142
4 8 142
6 7 142
7 8 142
6 4 142
4 7 142
4 6 142
6 4 143
6 7 143
4 6 143
4 7 143
7 8 143
6 4 144
6 7 144
7 8 144
4 6 144
4 7 144
4 6 145
4 7 145
6 4 145
7 8 145
6 7 145
6 4 146
7 8 146
4 7 146
6 7 146
4 6 146
6 4 147
7 8 147
6 7 147
4 7 147
4 6 147
4 6 148
4 7 148
6 7 148
7 8 148
6 4 148
6 7 149
4 6 149
6 4 149
7 8 149
6 4 150
4 6 150
7 8 150
6 7 150
6 7 151
4 6 151
7 8 151
6 4 151
7 8 152
6 4 152
6 7 152
4 6 152
7 8 153
6 7 153
4 6 153
6 4 153
6 4 154
4 6 154
6 7 154
7 8 154
4 6 155
6 7 155
7 8 155
6 4 155
7 8 156
4 6 156
6 7 156
6 4 156
6 4 157
4 6 157
7 8 157
6 7 157
4 6 158
7 8 158
6 7 158
6 4 158
6 4 159
4 6 159
7 8 159
6 7 159
6 4 160
6 7 160
4 6 160
6 7 161
6 7 162
6 7 163
6 7 164
6 7 165
6 7 166
6 7 167
6 7 168
6 7 169
6 7 170
6 7 171
6 7 172
6 7 173
6 7 174
6 7 175
6 7 176
3 7 205
3 7 206
3 7 207
3 7 208
3 7 209
3 7 210
3 7 211
3 7 212
3 7 213
3 7 214
5 6 234
6 5 234
6 5 235
5 6 235
6 5 236
5 6 236
6 5 237
5 6 237
5 6 238
6 5 238
5 6 239
6 5 239
5 6 240
6 5 240
5 6 241
6 5 241
5 6 242
6 5 242
6 5 243
5 6 243
5 6 244
6 5 244
5 6 245
6 5 245
5 6 246
6 5 246
5 6 247
6 5 247
6 5 248
5 6 248
6 5 249
5 6 249
6 5 250
5 6 250
6 5 251
5 6 251
6 5 252
5 6 252
6 5 253
5 6 253
6 5 254
5 6 254
5 6 255
6 5 255
5 6 256
6 5 256
6 5 257
5 6 257
6 5 258
5 6 258
6 5 259
5 6 259
6 5 260
5 6 260
6 5 261
5 6 261
5 6 262
6 5 262
6 5 263
5 6 263
6 5 264
5 6 264
6 5 265
5 6 265
6 5 266
5 6 266
5 6 267
6 5 267
5 6 268
6 5 268
5 6 269
6 5 269
5 6 270
6 5 270
5 6 271
6 5 271
5 6 272
6 5 272
6 5 273
5 6 273
6 5 274
5 6 274
5 6 275
6 5 275
6 5 276
5 6 276
5 6 277
6 5 277
5 6 278
6 5 278
5 6 279
6 5 279
5 6 280
6 5 280
6 5 281
5 6 281
6 5 282
5 6 282
5 6 283
6 5 283
6 5 284
5 6 284
6 5 285
5 6 285
6 5 286
5 6 286
6 5 287
5 6 287
5 6 288
6 5 288
6 5 289
5 6 289
5 6 290
6 5 290
5 6 291
6 5 291
6 5 292
5 6 292
6 5 293
5 6 293
6 5 294
5 6 294
6 5 295
5 6 295
5 6 296
6 5 296
5 6 297
6 5 297
5 6 298
6 5 298
5 6 299
6 5 299
5 6 300
6 5 300
5 6 301
6 5 301
5 6 302
6 5 302
5 6 303
6 5 303
5 6 304
6 5 304
5 6 305
6 5 305
5 6 306
6 5 306
6 5 307
5 6 307
6 5 308
5 6 308
5 6 309
6 5 309
5 6 310
6 5 310
6 5 311
5 6 311
5 6 312
6 5 312
5 6 313
6 5 313
5 6 314
6 5 314
6 5 315
5 6 315
6 5 316
5 6 316
6 5 317
5 6 317
6 5 318
5 6 318
5 6 319
6 5 319
6 5 320
5 6 320
6 5 321
5 6 321
5 6 322
6 5 322
5 6 323
6 5 323
3 6 325
3 6 326
3 6 327
3 6 328
3 6 329
3 6 330
3 6 331
3 6 332
3 6 333
3 5 333
3 6 334
3 5 334
3 5 335
3 6 335
3 5 336
3 5 337
3 5 338
3 5 339
3 5 340
3 5 341
3 5 342
3 5 343
3 5 344
3 5 345
3 5 346
1 2 347
3 5 347
2 1 347
2 1 348
3 5 348
1 2 348
2 1 349
1 2 349
3 5 349
1 2 350
2 1 350
3 5 350
2 1 351
1 2 351
3 5 351
2 1 352
3 5 352
1 2 352
3 5 353
1 2 353
2 1 353
3 5 354
1 2 354
2 1 354
1 2 355
3 5 355
2 1 355
2 1 356
1 2 356
3 5 356
3 5 357
3 6 357
1 2 357
2 1 357
2 1 358
1 2 358
3 6 358
3 5 358
3 5 359
3 6 359
1 2 359
2 1 359
3 5 360
1 2 360
2 1 360
3 6 360
2 1 361
3 6 361
3 5 361
1 2 361
2 1 362
3 5 362
3 6 362
1 2 362
3 5 363
2 1 363
1 2 363
3 6 363
1 2 364
2 1 364
3 5 364
3 6 364
2 1 365
3 5 365
3 6 365
1 2 365
3 5 366
1 2 366
2 1 366
2 1 367
1 2 367
3 5 367
2 1 368
3 5 368
1 2 368
2 1 369
3 5 369
1 2 369
2 1 370
1 2 370
3 5 370
2 1 371
1 2 371
3 5 371
2 1 372
3 5 372
1 2 372
3 5 373
2 1 373
1 2 373
2 1 374
3 5 374
1 2 374
1 2 375
2 1 375
3 5 375
2 1 376
1 2 376
3 5 376
2 1 377
3 5 377
1 2 377
3 5 378
1 2 378
2 1 378
3 5 379
1 2 379
2 1 379
2 1 380
1 2 380
3 5 380
2 1 381
3 5 381
1 2 381
2 1 382
3 5 382
1 2 382
1 2 383
3 5 383
2 1 383
2 1 384
1 2 384
3 5 384
2 1 385
3 5 385
1 2 385
1 2 386
3 5 386
2 1 386
2 1 387
1 2 387
1 2 388
2 1 388
2 1 389
1 2 389
1 2 390
2 1 390
2 1 391
1 2 391
2 1 392
1 2 392
2 1 393
1 2 393
2 1 394
1 2 394
2 1 395
1 2 395
2 1 396
1 2 396
1 2 397
2 1 397
2 1 398
1 2 398
2 1 399
1 2 399
1 2 400
2 1 400
2 1 401
1 2 401
2 1 402
1 2 402
1 2 403
2 1 403
2 1 404
1 2 404
1 2 405
2 1 405
2 1 406
1 2 406
2 1 407
1 2 407
2 1 408
1 2 408
1 2 409
2 1 409
1 2 410
3 7 410
2 1 410
3 7 411
1 2 411
2 1 411
3 7 412
1 2 412
2 1 412
3 7 413
1 2 413
2 1 413
2 1 414
3 7 414
1 2 414
3 7 415
2 1 415
1 2 415
2 1 416
1 2 416
3 7 416
2 1 417
3 7 417
1 2 417
2 1 418
1 2 418
3 7 418
3 7 419
2 1 419
1 2 419
2 1 420
1 2 420
3 7 420
3 7 421
1 2 421
2 1 421
3 7 422
1 2 422
2 1 422
2 1 423
3 7 423
1 2 423
1 2 424
3 7 424
2 1 424
2 1 425
3 7 425
1 2 425
2 1 426
1 2 426
3 7 426
2 1 427
1 2 427
3 7 427
3 7 428
1 2 428
2 1 428
3 7 429
2 1 429
1 2 429
2 1 430
1 2 430
3 7 430
2 1 431
1 2 431
3 7 431
2 1 432
3 7 432
1 2 432
3 7 433
3 7 434
3 7 435
3 7 436
3 7 437
3 7 438
3 7 439
3 7 440
3 7 441
3 7 442
3 7 443
3 7 444
3 7 445
3 7 446
3 7 447
3 7 448
3 7 449
3 7 450
3 7 451
3 7 452
3 7 453
3 7 454
3 7 455
3 7 456
5 7 512
5 7 513
5 7 514
5 7 515
5 7 516
5 7 517
5 7 518
5 7 519
5 7 520
5 7 521
5 7 522
5 7 523
5 7 524
5 7 525
5 7 526
5 7 527
1 4 527
4 1 527
5 7 528
4 1 528
1 4 528
4 1 529
1 4 529
5 7 529
4 1 530
1 4 530
5 7 530
4 1 531
5 7 531
1 4 531
5 7 532
4 1 532
1 4 532
1 4 533
4 1 533
5 7 533
1 4 534
5 7 534
4 1 534
5 7 535
1 4 535
4 1 535
5 7 536
4 1 536
1 4 536
4 1 537
1 4 537
5 7 537
1 4 538
5 7 538
4 1 538
4 1 539
5 7 539
1 4 539
1 4 540
4 1 540
5 7 540
5 7 541
4 1 541
1 4 541
1 4 542
5 7 542
4 1 542
4 1 543
1 4 543
5 7 543
5 7 544
1 4 544
4 1 544
4 1 545
5 7 545
1 4 545
5 7 546
1 4 546
4 1 546
1 4 547
5 7 547
4 1 547
1 4 548
4 1 548
5 7 548
5 7 549
1 4 549
4 1 549
4 1 550
6 5 550
5 6 550
1 4 550
5 7 550
5 6 551
5 7 551
6 5 551
4 1 551
1 4 551
6 5 552
4 1 552
5 7 552
1 4 552
5 6 552
5 7 553
1 4 553
5 6 553
4 1 553
6 5 553
4 1 554
1 4 554
5 7 554
5 6 554
6 5 554
5 7 555
1 4 555
5 6 555
4 1 555
6 5 555
4 1 556
6 5 556
6 7 556
5 6 556
5 7 556
1 4 556
4 1 557
6 5 557
5 6 557
1 4 557
5 7 557
6 7 557
5 6 558
1 4 558
5 7 558
6 7 558
6 5 558
4 1 558
6 7 559
4 1 559
6 5 559
5 6 559
1 4 559
5 7 559
6 5 560
4 1 560
5 6 560
6 7 560
5 7 560
1 4 560
1 4 561
5 7 561
5 6 561
6 5 561
4 1 561
6 7 561
5 6 562
5 7 562
6 7 562
1 4 562
4 1 562
6 5 562
6 7 563
5 7 563
6 5 563
4 1 563
5 6 563
1 4 563
6 5 564
4 1 564
6 7 564
5 7 564
5 6 564
1 4 564
6 5 565
1 4 565
4 1 565
6 7 565
5 6 565
5 7 565
6 5 566
4 1 566
5 7 566
6 7 566
1 4 566
5 6 566
6 5 567
4 1 567
5 6 567
5 7 567
6 7 567
1 4 567
6 5 568
5 6 568
5 7 568
6 7 568
6 7 569
6 7 570
6 7 571
6 7 572
8 2 573
2 8 573
6 7 573
6 7 574
2 8 574
8 2 574
2 8 575
6 7 575
8 2 575
2 8 576
6 7 576
8 2 576
8 2 577
2 8 577
6 7 577
6 7 578
8 2 578
2 8 578
2 8 579
6 7 579
8 2 579
2 8 580
6 7 580
8 2 580
2 8 581
8 2 581
6 7 581
8 2 582
6 7 582
2 8 582
2 8 583
2 1 583
8 2 583
1 2 583
6 7 583
2 8 584
1 2 584
6 7 584
8 2 584
2 1 584
8 2 585
1 2 585
2 8 585
2 1 585
6 7 585
2 8 586
6 7 586
2 1 586
8 2 586
1 2 586
2 8 587
8 2 587
2 1 587
1 2 587
2 8 588
1 2 588
8 2 588
2 1 588
1 2 589
2 8 589
8 2 589
2 1 589
1 2 590
2 8 590
8 2 590
2 1 590
1 2 591
2 1 591
8 2 591
2 8 591
1 2 592
8 2 592
2 8 592
2 1 592
2 8 593
8 2 593
2 1 593
1 2 593
1 2 594
8 2 594
2 1 594
2 8 594
8 2 595
2 8 595
1 2 595
2 1 595
2 1 596
8 2 596
1 2 596
2 8 596
2 8 597
8 2 597
2 1 597
1 2 597
1 2 598
2 1 598
1 2 599
2 1 599
1 2 600
2 1 600
1 2 601
2 1 601
2 1 602
1 2 602
2 1 603
1 2 603
2 1 604
1 2 604
2 1 605
1 2 605
2 1 606
1 2 606
1 2 607
2 8 607
2 1 607
8 2 607
2 8 608
1 2 608
8 2 608
2 1 608
2 8 609
8 2 609
2 1 609
1 2 609
8 2 610
2 1 610
2 8 610
1 2 610
2 1 611
8 2 611
1 2 611
2 8 611
2 8 612
1 2 612
8 2 612
2 1 612
1 2 613
2 1 613
8 2 613
2 8 613
8 2 614
2 8 614
1 2 614
2 1 614
8 2 615
2 1 615
1 2 615
2 8 615
1 2 616
2 8 616
8 2 616
2 1 616
2 8 617
1 2 617
2 1 617
8 2 617
2 8 618
8 2 618
2 8 619
8 2 619
2 8 620
8 2 620
2 8 621
8 2 621
2 8 622
8 2 622
1 8 623
2 8 623
8 2 623
8 1 623
8 2 624
1 8 624
2 8 624
8 1 624
2 8 625
3 6 625
1 8 625
3 7 625
8 2 625
8 1 625
3 6 626
2 8 626
3 7 626
1 8 626
8 2 626
8 1 626
3 7 627
2 8 627
3 6 627
8 2 627
8 1 627
1 8 627
3 6 628
3 7 628
1 8 628
8 1 628
3 6 629
8 1 629
3 7 629
1 8 629
3 6 630
3 7 630
8 1 630
1 8 630
8 1 631
3 6 631
1 8 631
3 7 631
3 7 632
1 8 632
8 1 632
3 6 632
8 1 633
1 8 633
3 7 633
8 1 634
3 7 634
1 8 634
1 8 635
3 7 635
8 1 635
8 1 636
3 7 636
1 8 636
3 7 637
1 8 637
8 1 637
3 7 638
1 8 638
8 1 638
1 8 639
3 7 639
8 1 639
8 1 640
1 8 640
3 7 640
1 8 641
3 7 641
8 1 641
8 1 642
1 8 642
3 7 642
8 1 643
3 7 643
1 8 643
8 1 644
1 8 644
3 7 644
3 7 645
1 8 645
8 1 645
8 1 646
1 8 646
3 7 646
1 8 647
3 7 647
8 1 647
1 8 648
3 7 648
8 1 648
1 8 649
3 7 649
8 1 649
8 1 650
1 8 650
3 7 650
8 1 651
3 7 651
1 8 651
8 1 652
1 8 652
3 7 652
8 1 653
1 8 653
3 7 653
8 1 654
1 8 654
3 7 654
8 1 655
1 8 655
3 7 655
8 1 656
3 7 656
1 8 656
3 7 657
1 8 657
8 1 657
1 8 658
3 7 658
8 1 658
3 7 659
1 8 659
8 1 659
3 7 660
8 1 660
1 8 660
8 1 661
3 7 661
1 8 661
8 1 662
3 7 662
1 8 662
2 1 663
3 7 663
1 2 663
1 8 663
8 1 663
1 2 664
3 7 664
1 8 664
8 1 664
2 1 664
1 2 665
2 1 665
3 7 665
1 2 666
2 1 666
1 2 667
2 1 667
2 1 668
1 2 668
2 1 669
1 2 669
3 6 669
2 1 670
3 6 670
1 2 670
1 2 671
2 1 671
3 6 671
2 1 672
1 2 672
3 6 672
1 2 673
3 6 673
2 1 673
1 2 674
3 6 674
2 1 674
2 1 675
1 2 675
3 6 675
3 6 676
1 2 676
2 1 676
2 1 677
3 6 677
1 2 677
2 1 678
3 6 678
1 2 678
1 2 679
2 1 679
3 6 679
3 6 680
1 2 680
2 1 680
2 1 681
1 2 681
3 6 681
1 2 682
3 6 682
2 1 682
2 1 683
3 6 683
1 2 683
3 6 684
1 2 684
2 1 684
3 6 685
1 2 685
2 1 685
1 2 686
2 1 686
3 6 686
3 6 687
1 2 687
2 1 687
2 1 688
3 6 688
1 2 688
3 6 689
1 2 689
2 1 689
3 6 690
1 2 690
2 1 690
1 2 691
3 6 691
3 7 691
2 1 691
1 2 692
3 7 692
2 1 692
3 6 692
3 6 693
2 1 693
1 2 693
3 7 693
3 7 694
2 1 694
1 2 694
3 6 694
2 1 695
1 2 695
3 7 695
3 6 695
2 1 696
3 6 696
1 2 696
3 7 696
3 7 697
3 6 697
1 2 697
2 1 697
2 1 698
1 2 698
3 6 698
3 7 698
3 7 699
1 2 699
2 1 699
3 7 700
2 1 700
1 2 700
3 7 701
2 1 701
1 2 701
3 7 702
1 2 702
2 1 702
2 1 703
1 2 703
3 7 703
3 7 704
1 2 704
2 1 704
1 2 705
3 7 705
2 1 705
1 2 706
2 1 706
3 7 706
2 1 707
3 7 707
1 2 707
2 1 708
1 2 708
3 7 708
2 1 709
1 2 709
3 7 709
2 1 710
1 2 710
3 7 710
3 7 711
2 1 711
1 2 711
2 1 712
1 2 712
3 7 712
2 1 713
1 2 713
3 7 713
3 7 714
1 2 714
2 1 714
3 7 715
1 2 715
2 1 715
1 2 716
3 7 716
2 1 716
1 2 717
3 7 717
2 1 717
3 7 718
2 1 718
1 2 718
3 7 719
2 1 719
1 2 719
1 2 720
3 7 720
2 1 720
3 7 721
1 2 721
2 1 721
2 1 722
1 2 722
3 7 722
3 7 723
2 1 723
1 2 723
2 1 724
1 2 724
3 7 724
2 1 725
3 7 725
1 2 725
1 2 726
2 1 726
3 7 726
2 1 727
1 2 727
3 7 727
2 1 728
3 7 728
1 2 728
3 7 729
1 2 729
2 1 729
2 1 730
3 7 730
1 2 730
3 7 731
1 2 731
2 1 731
2 1 732
1 2 732
3 7 732
1 2 733
2 1 733
3 7 733
1 2 734
3 7 734
2 1 734
3 7 735
3 7 736
3 7 737
3 7 738
3 7 739
3 7 740
3 7 741
3 7 742
3 7 743
3 7 744
3 7 745
3 7 746
3 7 747
3 7 748
3 7 749
3 7 750
3 7 751
1 2 762
2 1 762
2 1 763
1 2 763
1 2 764
2 1 764
2 1 765
1 2 765
2 1 766
1 2 766
2 1 767
1 2 767
2 1 768
1 2 768
2 1 769
1 2 769
2 1 770
1 2 770
1 2 771
2 1 771
2 1 772
1 2 772
1 2 773
2 1 773
2 1 774
1 2 774
2 1 775
1 2 775
1 2 776
2 1 776
1 2 777
2 1 777
2 1 778
1 2 778
2 1 779
1 2 779
1 2 780
2 1 780
2 1 781
1 2 781
1 2 782
2 1 782
1 2 783
2 1 783
2 1 784
1 2 784
2 1 785
1 2 785
1 2 786
2 1 786
2 1 787
1 2 787
2 1 788
1 2 788
1 2 789
2 1 789
1 2 790
2 1 790
1 2 791
2 1 791
2 1 792
1 2 792
1 2 793
2 1 793
1 2 794
2 1 794
2 1 795
1 2 795
2 1 796
1 2 796
2 1 797
1 2 797
1 2 798
2 1 798
2 1 799
1 2 799
1 2 800
2 1 800
1 2 801
2 1 801
1 2 802
2 1 802
2 1 803
1 2 803
1 2 804
2 1 804
2 1 805
1 2 805
2 1 806
1 2 806
1 2 807
2 1 807
1 2 808
2 1 808
1 2 809
2 1 809
1 2 810
2 1 810
1 2 811
2 1 811
2 1 812
1 2 812
1 2 813
2 1 813
2 1 814
1 2 814
2 1 815
1 2 815
2 1 816
1 2 816
2 1 817
1 2 817
2 1 818
1 2 818
1 2 819
2 1 819
1 2 820
2 1 820
1 2 821
2 1 821
2 1 822
1 2 822
2 1 823
1 2 823
2 1 824
1 2 824
2 1 825
1 2 825
1 2 826
2 1 826
2 1 827
1 2 827
1 2 828
2 1 828
1 2 829
2 1 829
1 6 861
6 1 861
1 6 862
6 1 862
6 1 863
1 6 863
6 1 864
1 6 864
1 6 865
6 1 865
6 1 866
1 6 866
6 1 867
1 6 867
6 1 868
1 6 868
6 1 869
1 6 869
6 1 870
1 6 870
1 6 871
6 1 871
6 1 872
1 6 872
1 6 873
6 1 873
6 1 874
1 6 874
6 1 875
1 6 875
6 1 876
1 6 876
1 6 877
6 1 877
1 6 878
6 1 878
6 1 879
1 6 879
6 1 880
1 6 880
6 1 881
1 6 881
6 1 882
1 6 882
6 1 883
1 6 883
6 1 884
1 6 884
6 1 885
1 6 885
1 6 886
6 1 886
1 6 887
6 1 887
1 6 888
6 1 888
1 6 889
6 1 889
6 1 890
1 6 890
6 1 891
1 6 891
6 1 892
1 6 892
1 6 931
6 1 931
1 6 932
6 1 932
1 6 933
6 1 933
6 1 934
1 6 934
1 6 935
6 1 935
1 6 936
6 1 936
1 6 937
6 1 937
6 1 938
1 6 938
1 6 939
6 1 939
1 6 940
6 1 940
1 6 941
6 1 941
1 6 942
6 1 942
1 6 943
6 1 943
1 6 944
6 1 944
6 1 945
1 6 945
6 1 946
1 6 946
1 6 947
6 1 947
1 6 948
6 1 948
6 1 949
1 6 949
6 1 950
1 6 950
1 6 951
6 1 951
6 1 952
1 6 952
6 1 953
1 6 953
6 1 954
1 6 954
6 1 955
1 6 955
6 1 956
1 6 956
6 1 957
1 6 957
1 6 958
6 1 958
6 1 959
1 6 959
6 1 960
1 6 960
6 1 961
1 6 961
6 1 962
1 6 962
1 6 963
6 1 963
6 1 964
1 6 964
1 6 965
6 1 965
6 1 966
1 6 966
6 1 967
1 6 967
1 6 968
6 1 968
1 6 969
6 1 969
1 6 970
6 1 970
1 6 971
6 1 971
6 1 972
1 6 972
1 6 973
6 1 973
1 6 974
6 1 974
1 6 975
6 1 975
1 6 976
6 1 976
1 6 977
6 1 977
1 6 978
6 1 978
1 6 979
6 1 979
6 1 980
1 6 980
1 6 981
6 1 981
1 6 982
6 1 982
6 1 983
1 6 983
1 6 984
6 1 984
6 1 985
1 6 985
6 1 986
1 6 986
6 1 987
1 6 987
6 1 988
1 6 988
6 1 989
1 6 989
1 6 990
6 1 990
1 6 991
6 1 991
6 1 992
1 6 992
6 1 993
1 6 993
6 1 994
1 6 994
1 6 995
6 1 995
6 1 996
1 6 996
1 6 997
6 1 997
1 6 998
6 1 998
1 6 999
6 1 999
6 1 1000
1 6 1000
6 1 1001
1 6 1001
1 6 1002
6 1 1002
6 1 1003
1 6 1003
1 6 1004
6 1 1004
1 6 1005
6 1 1005
1 6 1006
6 1 1006
1 6 1007
6 1 1007
6 1 1008
1 6 1008
1 6 1009
6 1 1009
1 6 1010
6 1 1010
1 6 1011
6 1 1011
1 6 1012
6 1 1012
1 6 1013
6 1 1013
1 6 1014
6 1 1014
6 1 1015
1 6 1015
6 1 1016
1 6 1016
6 1 1017
1 6 1017
6 1 1018
1 6 1018
6 1 1019
1 6 1019
1 6 1020
6 1 1020
6 1 1021
1 6 1021
1 6 1022
6 1 1022
6 1 1023
1 6 1023
1 6 1024
6 1 1024
1 6 1025
6 1 1025
1 6 1026
6 1 1026
1 6 1027
6 1 1027
1 6 1028
6 1 1028
1 6 1029
6 1 1029
1 6 1030
6 1 1030
1 6 1031
6 1 1031
1 6 1032
6 1 1032
6 1 1033
1 6 1033
1 6 1034
6 1 1034
6 1 1035
1 6 1035
6 1 1036
1 6 1036
6 1 1037
1 6 1037
1 6 1038
6 1 1038
6 1 1039
1 6 1039
2 6 1053
6 2 1053
2 6 1054
6 2 1054
6 2 1055
2 6 1055
2 6 1056
6 2 1056
6 2 1057
2 6 1057
2 6 1058
6 2 1058
6 2 1059
2 6 1059
6 2 1060
2 6 1060
2 6 1061
1 7 1061
6 2 1061
2 6 1062
6 2 1062
1 7 1062
2 6 1063
6 2 1063
1 7 1063
1 6 1064
1 7 1064
2 6 1064
6 2 1064
6 1 1064
6 1 1065
1 7 1065
2 6 1065
1 6 1065
6 2 1065
1 6 1066
2 6 1066
6 2 1066
6 1 1066
1 7 1066
1 7 1067
6 1 1067
6 2 1067
1 6 1067
2 6 1067
1 6 1068
6 2 1068
6 1 1068
1 7 1068
2 6 1068
6 2 1069
6 1 1069
1 6 1069
2 6 1069
1 7 1069
6 1 1070
6 2 1070
1 6 1070
1 7 1070
2 6 1070
6 2 1071
1 7 1071
1 6 1071
2 6 1071
6 1 1071
6 2 1072
1 6 1072
1 7 1072
2 6 1072
6 1 1072
6 2 1073
6 1 1073
1 7 1073
2 6 1073
1 6 1073
2 6 1074
1 7 1074
6 2 1074
6 1 1074
1 6 1074
2 6 1075
1 6 1075
6 1 1075
6 2 1075
1 7 1075
6 1 1076
6 2 1076
1 7 1076
1 6 1076
2 6 1076
1 7 1077
1 6 1077
2 6 1077
6 2 1077
6 1 1077
1 7 1078
6 7 1078
1 6 1078
6 2 1078
6 1 1078
2 6 1078
6 7 1079
1 6 1079
2 6 1079
6 2 1079
1 7 1079
6 1 1079
6 2 1080
2 6 1080
6 7 1080
1 7 1080
1 6 1080
6 1 1080
1 6 1081
6 2 1081
6 1 1081
1 7 1081
6 7 1081
2 6 1081
2 6 1082
1 6 1082
1 7 1082
6 7 1082
6 1 1082
6 2 1082
6 1 1083
1 7 1083
2 6 1083
1 6 1083
6 7 1083
6 2 1083
2 6 1084
1 7 1084
6 7 1084
6 2 1084
6 2 1085
1 7 1085
6 7 1085
2 6 1085
6 2 1086
6 7 1086
2 6 1086
1 7 1086
6 2 1087
1 7 1087
6 7 1087
2 6 1087
1 7 1088
6 7 1088
2 6 1088
6 2 1088
1 7 1089
2 6 1089
6 7 1089
6 2 1089
6 7 1090
6 2 1090
2 6 1090
1 7 1090
2 6 1091
6 7 1091
1 7 1091
6 2 1091
6 7 1092
2 6 1092
6 2 1092
6 7 1093
6 2 1093
2 6 1093
6 2 1094
6 7 1094
2 6 1094
6 2 1095
2 6 1095
6 2 1096
2 6 1096
6 2 1097
2 6 1097
6 2 1098
2 6 1098
2 6 1099
6 2 1099
2 6 1100
6 2 1100
2 6 1101
6 2 1101
2 6 1102
6 2 1102
3 6 1130
3 6 1131
3 6 1132
3 6 1133
3 6 1134
3 6 1135
3 6 1136
3 6 1137
3 6 1138
3 6 1139
3 6 1140
3 6 1141
3 6 1142
3 6 1143
3 6 1144
3 6 1145
3 6 1146
3 6 1147
3 6 1148
3 6 1149
3 6 1150
3 6 1151
3 7 1232
3 7 1233
3 7 1234
3 7 1235
3 7 1236
3 7 1237
3 7 1238
3 7 1239
3 7 1240
3 7 1241
3 7 1242
3 7 1243
3 7 1244
3 7 1245
3 7 1246
3 7 1247
3 7 1248
3 7 1249
3 7 1250
3 7 1251
3 7 1252
3 7 1253
3 7 1254
3 7 1255
3 7 1256
3 7 1257
3 7 1258
3 7 1259
3 7 1260
3 7 1261
3 7 1262
3 7 1263
3 7 1264
3 7 1265
3 7 1266
3 7 1267
3 7 1268
3 7 1269
3 7 1270
3 7 1271
3 7 1272
3 7 1273
3 7 1274
3 7 1275
3 7 1276
3 7 1277
3 7 1278
3 7 1279
3 7 1280
3 7 1281
3 7 1282
3 7 1283
3 7 1284
3 7 1285
3 7 1286
3 7 1287
3 7 1288
3 7 1289
3 7 1290
3 7 1291
3 7 1292
3 7 1293
3 7 1294
3 7 1295
3 7 1296
3 7 1297
3 7 1298
3 7 1299
3 7 1300
3 7 1301
3 7 1302
3 7 1303
3 7 1304
3 7 1305
3 7 1306
2 6 1349
6 2 1349
2 6 1350
6 2 1350
2 6 1351
6 2 1351
6 2 1352
2 6 1352
6 2 1353
2 6 1353
6 2 1354
2 6 1354
2 6 1355
6 2 1355
2 6 1356
6 2 1356
2 6 1357
6 2 1357
2 6 1358
6 2 1358
2 6 1359
6 2 1359
6 2 1360
2 6 1360
2 6 1361
6 2 1361
6 2 1362
2 6 1362
6 2 1363
2 6 1363
2 6 1364
6 2 1364
6 2 1365
2 6 1365
2 6 1366
6 2 1366
6 2 1367
2 6 1367
2 6 1471
6 2 1471
6 2 1472
2 6 1472
2 6 1473
6 2 1473
2 6 1474
6 2 1474
6 2 1475
2 6 1475
6 2 1476
2 6 1476
2 6 1477
6 2 1477
2 6 1478
6 2 1478
2 6 1479
6 2 1479
2 6 1480
6 2 1480
6 2 1481
2 6 1481
2 6 1482
6 2 1482
6 2 1483
2 6 1483
6 2 1484
2 6 1484
2 6 1485
6 2 1485
2 6 1486
6 2 1486
2 6 1487
6 2 1487
6 2 1488
2 6 1488
6 2 1489
2 6 1489
6 2 1490
2 6 1490
2 6 1491
6 2 1491
6 2 1492
2 6 1492
2 6 1493
6 2 1493
2 6 1494
6 2 1494
6 2 1495
2 6 1495
6 2 1496
2 6 1496
2 6 1497
6 2 1497
2 6 1498
6 2 1498
2 6 1499
6 2 1499
6 2 1500
2 6 1500
6 2 1501
2 6 1501
6 2 1502
2 6 1502
6 2 1503
2 6 1503
6 2 1504
2 6 1504
2 6 1505
6 2 1505
2 6 1506
6 2 1506
6 2 1507
2 6 1507
2 6 1508
6 2 1508
2 6 1509
6 2 1509
6 2 1510
2 6 1510
2 6 1511
6 2 1511
6 2 1512
2 6 1512
2 6 1513
6 2 1513
2 6 1514
6 2 1514
2 6 1515
6 2 1515
2 6 1516
6 2 1516
2 6 1517
6 2 1517
2 6 1518
6 2 1518
2 6 1519
6 2 1519
6 2 1520
2 6 1520
2 6 1521
6 2 1521
2 6 1522
6 2 1522
2 6 1523
6 2 1523
2 6 1524
6 2 1524
2 6 1525
6 2 1525
2 6 1526
6 2 1526
6 2 1527
2 6 1527
2 6 1528
6 2 1528
6 2 1529
2 6 1529
2 6 1530
6 2 1530
2 6 1531
6 2 1531
6 2 1532
2 6 1532
2 6 1533
6 2 1533
2 6 1534
6 2 1534
2 6 1535
6 2 1535
6 2 1536
2 6 1536
6 2 1537
2 6 1537
6 2 1538
2 6 1538
2 6 1539
6 2 1539
2 6 1540
6 2 1540
2 6 1541
6 2 1541
6 2 1542
2 6 1542
6 2 1543
2 6 1543
6 2 1544
2 6 1544
6 2 1545
2 6 1545
6 2 1546
2 6 1546
6 2 1547
2 6 1547
2 6 1548
6 2 1548
6 2 1549
2 6 1549
6 2 1550
2 6 1550
2 6 1551
6 2 1551
6 2 1552
2 6 1552
6 2 1553
2 6 1553
2 6 1554
6 2 1554
6 2 1555
2 6 1555
2 6 1556
6 2 1556
6 2 1557
2 6 1557
6 2 1558
2 6 1558
6 2 1559
2 6 1559
2 6 1560
6 2 1560
2 6 1561
6 2 1561
2 6 1562
6 2 1562
2 6 1563
6 2 1563
6 2 1564
2 6 1564
2 6 1565
6 2 1565
2 6 1566
6 2 1566
6 2 1567
2 6 1567
6 2 1568
2 6 1568
2 6 1569
6 2 1569
2 6 1570
6 2 1570
2 6 1571
6 2 1571
2 6 1572
6 2 1572
6 2 1573
2 6 1573
6 2 1574
2 6 1574
6 2 1575
2 6 1575
6 2 1576
2 6 1576
6 2 1577
2 6 1577
6 2 1578
2 6 1578
2 6 1579
6 2 1579
2 6 1580
6 2 1580
2 6 1581
6 2 1581
6 2 1582
2 6 1582
2 6 1583
6 2 1583
2 6 1584
6 2 1584
6 2 1585
2 6 1585
6 2 1586
2 6 1586
6 2 1587
2 6 1587
6 2 1588
2 6 1588
6 2 1589
2 6 1589
6 2 1590
2 6 1590
2 6 1591
6 2 1591
6 2 1592
2 6 1592
6 2 1593
2 6 1593
2 6 1594
6 2 1594
6 2 1595
2 6 1595
2 6 1596
6 2 1596
2 6 1597
6 2 1597
2 6 1598
6 2 1598
2 6 1599
6 2 1599
2 6 1600
6 2 1600
2 6 1601
6 2 1601
2 6 1602
6 2 1602
6 2 1603
2 6 1603
6 2 1604
2 6 1604
2 6 1605
6 2 1605
2 6 1606
6 2 1606
2 6 1607
6 2 1607
6 2 1608
2 6 1608
6 2 1609
2 6 1609
6 2 1610
2 6 1610
6 2 1611
2 6 1611
6 2 1612
2 6 1612
2 6 1613
6 2 1613
6 2 1614
2 6 1614
2 6 1615
6 2 1615
2 6 1616
6 2 1616
2 6 1617
6 2 1617
2 6 1618
6 2 1618
2 6 1619
6 2 1619
6 2 1620
2 6 1620
2 6 1621
6 2 1621
2 6 1622
6 2 1622
6 2 1623
2 6 1623
2 6 1624
6 2 1624
2 6 1625
6 2 1625
6 2 1626
2 6 1626
2 6 1627
6 2 1627
6 2 1628
2 6 1628
2 6 1629
6 2 1629
6 2 1630
2 6 1630
2 6 1631
6 2 1631
6 2 1632
2 6 1632
6 2 1633
2 6 1633
6 2 1634
2 6 1634
6 2 1635
2 6 1635
2 6 1636
6 2 1636
6 2 1637
2 6 1637
6 2 1638
2 6 1638
2 6 1639
6 2 1639
2 6 1640
6 2 1640
2 6 1641
6 2 1641
2 6 1642
6 2 1642
2 6 1643
6 2 1643
2 6 1644
6 2 1644
6 2 1645
2 6 1645
6 2 1646
2 6 1646
2 6 1647
6 2 1647
2 6 1648
6 2 1648
2 6 1649
6 2 1649
2 6 1650
6 2 1650
6 2 1651
2 6 1651
2 6 1652
6 2 1652
2 6 1653
6 2 1653
6 2 1654
2 6 1654
2 6 1655
6 2 1655
6 2 1656
2 6 1656
6 2 1657
2 6 1657
6 2 1658
2 6 1658
6 2 1659
2 6 1659
2 6 1660
6 2 1660
6 2 1661
2 6 1661
2 6 1662
6 2 1662
2 6 1663
6 2 1663
2 6 1664
6 2 1664
2 6 1665
6 2 1665
2 6 1666
6 2 1666
2 6 1667
6 2 1667
6 2 1668
2 6 1668
2 6 1669
6 2 1669
2 6 1670
6 2 1670
6 2 1671
2 6 1671
2 6 1672
6 2 1672
2 6 1673
6 2 1673
2 6 1674
6 2 1674
2 6 1675
6 2 1675
2 6 1676
6 2 1676
2 6 1677
6 2 1677
2 6 1678
6 2 1678
2 6 1679
6 2 1679
2 6 1680
6 2 1680
6 2 1681
2 6 1681
6 2 1682
2 6 1682
6 2 1683
2 6 1683
6 2 1684
2 6 1684
2 6 1685
6 2 1685
6 2 1686
2 6 1686
2 6 1687
6 2 1687
2 6 1688
6 2 1688
2 6 1689
6 2 1689
2 6 1690
6 2 1690
6 2 1691
2 6 1691
2 6 1692
6 2 1692
2 6 1693
6 2 1693
2 6 1694
6 2 1694
2 6 1695
6 2 1695
2 6 1696
6 2 1696
2 6 1697
6 2 1697
2 6 1698
6 2 1698
2 6 1699
6 2 1699
6 2 1700
2 6 1700
6 2 1701
2 6 1701
6 2 1702
2 6 1702
2 6 1703
6 2 1703
2 6 1704
6 2 1704
2 6 1705
6 2 1705
6 2 1706
2 6 1706
2 6 1707
6 2 1707
6 2 1708
2 6 1708
2 6 1709
6 2 1709
6 2 1710
2 6 1710
2 6 1711
6 2 1711
2 6 1712
6 2 1712
2 6 1713
6 2 1713
2 6 1714
6 2 1714
6 2 1715
2 6 1715
6 2 1716
2 6 1716
2 6 1717
6 2 1717
2 6 1718
6 2 1718
6 2 1719
2 6 1719
6 2 1720
2 6 1720
2 6 1721
6 2 1721
2 6 1722
6 2 1722
6 2 1723
2 6 1723
6 2 1724
2 6 1724
6 2 1725
2 6 1725
2 6 1726
6 2 1726
6 2 1727
2 6 1727
6 2 1728
2 6 1728
2 6 1729
6 2 1729
2 6 1730
6 2 1730
6 2 1731
2 6 1731
6 2 1732
2 6 1732
2 6 1733
6 2 1733
2 6 1734
6 2 1734
6 2 1735
2 6 1735
6 2 1736
2 6 1736
6 2 1737
2 6 1737
6 2 1738
2 6 1738
6 2 1739
2 6 1739
2 6 1740
6 2 1740
6 2 1741
2 6 1741
6 2 1742
2 6 1742
6 2 1743
2 6 1743
6 2 1744
2 6 1744
2 6 1745
6 2 1745
2 6 1746
6 2 1746
6 7 1748
6 7 1749
6 7 1750
6 7 1751
6 7 1752
6 7 1753
6 7 1754
6 7 1755
6 7 1756
6 7 1757
2 7 1758
6 7 1758
2 6 1759
6 2 1759
6 7 1759
2 7 1759
2 6 1760
6 7 1760
6 2 1760
2 7 1760
2 7 1761
2 6 1761
6 7 1761
6 2 1761
6 2 1762
2 7 1762
6 7 1762
2 6 1762
6 2 1763
2 7 1763
6 7 1763
2 6 1763
2 6 1764
6 2 1764
2 7 1764
6 7 1764
6 2 1765
2 6 1765
6 7 1765
2 7 1765
6 2 1766
6 7 1766
2 7 1766
2 6 1766
6 2 1767
2 6 1767
6 7 1767
2 7 1767
2 6 1768
6 2 1768
2 6 1769
6 2 1769
