7 9 0
6 2 0
9 7 0
2 6 0
7 9 1
6 2 1
2 6 1
9 7 1
7 9 2
9 7 2
6 2 2
1 9 2
2 6 2
1 7 2
1 9 3
7 9 3
1 7 3
9 7 3
1 7 4
1 9 4
9 7 4
7 9 4
9 7 5
1 9 5
1 7 5
7 9 5
7 9 6
1 7 6
9 7 6
1 9 6
9 7 7
1 9 7
7 9 7
1 7 7
9 7 8
7 9 8
1 7 8
1 9 8
7 9 9
9 7 9
9 7 10
7 9 10
9 7 11
7 9 11
9 7 12
7 9 12
9 7 13
7 9 13
9 7 14
7 9 14
9 7 15
7 9 15
5 2 16
9 7 16
7 9 16
2 5 16
5 2 17
9 7 17
7 9 17
2 5 17
5 2 18
7 9 18
9 7 18
2 5 18
7 9 19
2 5 19
9 7 19
5 2 19
2 5 20
5 2 20
9 7 20
7 9 20
2 5 21
7 9 21
9 7 21
5 2 21
5 2 22
7 9 22
9 7 22
2 5 22
5 2 23
9 7 23
7 9 23
2 5 23
9 7 24
5 2 24
2 5 24
7 9 24
7 9 25
2 5 25
5 2 25
9 7 25
2 5 26
9 7 26
5 2 26
7 9 26
2 5 27
7 9 27
5 2 27
9 7 27
7 9 28
2 5 28
9 7 28
5 2 28
9 7 29
7 9 29
9 7 30
7 9 30
9 7 31
7 9 31
9 7 32
7 9 32
9 7 33
7 9 33
7 9 34
9 7 34
9 7 35
7 9 35
9 7 36
7 9 36
9 7 37
7 9 37
9 7 38
7 9 38
9 7 39
7 9 39
9 7 40
7 9 40
9 7 41
7 9 41
9 7 42
7 9 42
7 9 43
9 7 43
7 9 44
9 7 44
7 9 45
9 7 45
7 9 46
9 7 46
7 9 47
9 7 47
9 7 48
7 9 48
9 7 49
7 9 49
9 7 50
7 9 50
7 9 51
9 7 51
9 7 52
7 9 52
7 9 53
9 7 53
7 9 54
9 7 54
7 9 55
9 7 55
7 9 56
9 7 56
7 9 57
9 7 57
9 7 58
7 9 58
7 9 59
9 7 59
7 9 60
9 7 60
7 9 61
9 7 61
7 9 62
9 7 62
9 7 70
7 9 70
7 9 71
9 7 71
9 7 72
7 9 72
9 7 73
7 9 73
9 7 74
7 9 74
9 7 75
7 9 75
9 7 76
7 9 76
7 9 77
9 7 77
7 9 78
9 7 78
7 9 79
9 7 79
9 7 80
7 9 80
9 7 81
1 2 81
7 9 81
2 1 81
2 1 82
1 2 82
1 2 83
2 1 83
1 2 84
2 1 84
1 2 85
2 1 85
2 1 86
1 2 86
2 1 87
1 2 87
2 1 88
1 2 88
1 2 89
2 1 89
2 1 90
1 2 90
2 1 91
1 2 91
1 2 92
2 1 92
1 2 93
2 1 93
1 2 94
2 1 94
2 1 95
1 2 95
2 1 96
1 2 96
2 1 97
1 2 97
2 1 98
1 2 98
2 1 99
1 2 99
2 1 100
1 2 100
1 2 101
2 1 101
1 2 102
2 1 102
2 1 103
1 2 103
2 1 104
1 2 104
2 1 105
1 2 105
2 1 106
1 2 106
2 1 107
1 2 107
2 1 108
1 2 108
1 2 109
2 1 109
2 1 110
1 2 110
1 2 111
2 1 111
2 1 112
1 2 112
1 2 113
2 1 113
2 1 114
1 2 114
1 2 115
2 1 115
2 1 116
1 2 116
1 2 117
2 1 117
3 9 121
3 9 122
3 9 123
3 9 124
3 9 125
1 9 211
1 9 212
1 9 213
1 9 214
1 9 215
1 9 216
1 9 217
1 9 218
1 9 219
1 9 220
1 9 221
3 5 402
5 3 402
3 5 403
5 3 403
3 5 404
5 3 404
5 3 405
3 5 405
3 5 406
5 3 406
5 3 407
3 5 407
3 5 408
5 3 408
3 5 415
5 3 415
5 3 416
3 5 416
5 3 417
3 5 417
5 3 418
3 5 418
3 5 419
5 3 419
5 3 420
3 5 420
5 3 421
3 5 421
5 3 422
3 5 422
3 5 423
5 3 423
5 3 424
3 5 424
5 3 425
3 5 425
5 3 426
3 5 426
5 3 427
3 5 427
5 3 428
3 5 428
3 5 429
5 3 429
3 5 430
5 3 430
5 3 431
3 5 431
5 3 432
3 5 432
5 3 433
3 5 433
3 5 434
5 3 434
3 5 435
5 3 435
5 3 436
3 5 436
5 3 437
3 5 437
3 5 438
5 3 438
5 3 439
3 5 439
6 7 505
6 7 506
6 7 507
6 7 508
6 7 509
6 7 510
6 7 511
6 7 512
6 7 513
6 7 514
5 9 546
5 9 547
5 9 548
5 9 549
5 9 550
5 9 551
5 9 552
5 9 553
5 9 554
7 9 554
9 7 554
7 9 555
5 9 555
9 7 555
5 9 556
9 7 556
7 9 556
7 9 557
5 9 557
9 7 557
7 9 558
9 7 558
5 9 558
7 9 559
5 9 559
9 7 559
9 7 560
7 9 560
5 9 560
7 9 561
5 9 561
9 7 561
5 9 562
9 7 562
7 9 562
7 9 563
9 7 563
5 9 563
9 7 564
5 9 564
7 9 564
7 9 565
9 7 565
7 9 566
9 7 566
7 9 567
9 7 567
7 9 568
9 7 568
7 9 569
9 7 569
7 9 570
9 7 570
9 7 571
7 9 571
9 7 572
7 9 572
9 7 573
7 9 573
7 9 574
9 7 574
9 7 575
7 9 575
9 7 576
7 9 576
7 9 577
9 7 577
5 9 578
9 7 578
7 9 578
9 7 579
7 9 579
5 9 579
9 7 580
7 9 580
5 9 580
9 7 581
5 9 581
7 9 581
9 7 582
7 9 582
5 9 582
5 9 583
7 9 583
9 7 583
5 9 584
9 7 584
7 9 584
7 9 585
5 9 585
9 7 585
7 9 586
5 9 586
9 7 586
5 9 587
9 7 587
7 9 587
7 9 588
9 7 588
5 9 588
5 9 589
7 9 589
9 7 589
7 9 590
5 9 590
9 7 590
7 9 591
9 7 591
5 9 591
9 7 592
7 9 592
9 7 593
7 9 593
9 7 594
7 9 594
9 7 595
7 9 595
7 9 596
9 7 596
2 3 927
3 2 927
3 2 928
2 3 928
3 2 929
2 3 929
3 2 930
2 3 930
2 3 931
3 2 931
3 2 932
2 3 932
3 2 933
2 3 933
2 7 1185
3 7 1199
3 7 1200
3 7 1201
3 7 1202
3 7 1203
3 7 1204
3 7 1205
3 7 1206
3 7 1207
3 7 1208
3 7 1209
3 7 1210
3 7 1211
3 7 1212
3 7 1213
3 7 1214
3 7 1215
3 7 1216
3 7 1217
3 7 1218
3 7 1219
6 7 1467
6 7 1468
6 7 1469
6 7 1470
6 7 1471
6 7 1472
6 7 1473
6 7 1474
6 7 1475
6 7 1476
6 7 1477
6 7 1478
6 7 1479
6 7 1480
6 7 1481
6 7 1482
6 7 1483
6 7 1484
6 7 1485
6 7 1486
6 7 1487
6 7 1488
6 7 1489
6 7 1490
6 7 1491
6 7 1492
4 7 1520
8 9 1520
8 9 1521
4 7 1521
4 7 1522
8 9 1522
4 7 1523
8 9 1523
8 9 1524
4 7 1524
8 9 1525
4 7 1525
8 9 1526
4 7 1526
8 9 1527
4 7 1527
8 9 1528
4 7 1528
8 9 1529
4 7 1529
8 9 1530
4 7 1530
4 7 1531
8 9 1531
4 7 1532
8 9 1532
4 7 1533
8 9 1533
4 7 1534
8 9 1534
4 7 1535
8 9 1535
8 9 1536
4 7 1536
4 7 1537
8 9 1537
4 7 1538
8 9 1538
8 9 1539
8 9 1540
8 9 1541
8 9 1542
8 9 1543
8 9 1544
8 9 1545
8 9 1546
8 9 1547
8 9 1548
8 9 1549
8 9 1550
8 9 1551
8 9 1552
8 9 1553
8 9 1554
7 9 1707
9 7 1707
7 9 1708
9 7 1708
7 9 1709
9 7 1709
9 7 1710
7 9 1710
9 7 1711
7 9 1711
9 7 1712
7 9 1712
9 7 1713
7 9 1713
9 7 1714
7 9 1714
9 7 1715
7 9 1715
9 7 1716
7 9 1716
7 9 1717
9 7 1717
9 7 1718
7 9 1718
7 9 1719
9 7 1719
7 9 1720
9 7 1720
9 7 1721
7 9 1721
7 9 1722
9 7 1722
7 9 1723
9 7 1723
7 9 1724
9 7 1724
7 9 1725
9 7 1725
9 7 1726
7 9 1726
7 9 1727
9 7 1727
9 7 1728
7 9 1728
9 7 1729
7 9 1729
9 7 1730
7 9 1730
9 7 1731
7 9 1731
7 9 1732
9 7 1732
7 9 1733
9 7 1733
7 9 1734
9 7 1734
9 7 1735
7 9 1735
7 9 1736
9 7 1736
7 9 1737
9 7 1737
7 9 1738
9 7 1738
9 7 1739
7 9 1739
9 7 1740
7 9 1740
7 9 1741
9 7 1741
7 9 1742
9 7 1742
9 7 1743
7 9 1743
9 7 1744
7 9 1744
9 7 1745
7 9 1745
9 7 1746
7 9 1746
9 7 1747
7 9 1747
9 7 1748
7 9 1748
9 7 1749
7 9 1749
7 9 1750
9 7 1750
9 7 1751
7 9 1751
7 9 1752
9 7 1752
7 9 1753
9 7 1753
7 9 1754
9 7 1754
7 9 1755
9 7 1755
7 9 1756
9 7 1756
7 9 1757
9 7 1757
9 7 1758
7 9 1758
9 7 1759
7 9 1759
7 9 1760
9 7 1760
7 9 1761
9 7 1761
