3 5 0
2 8 0
3 8 0
5 8 0
8 2 0
5 3 0
8 1 1
8 2 1
1 8 1
5 3 1
3 8 1
1 5 1
2 8 1
3 5 1
1 3 1
5 8 1
8 2 2
5 3 2
8 1 2
1 3 2
1 8 2
3 5 2
1 5 2
2 8 2
3 8 2
5 8 2
8 1 3
8 2 3
5 3 3
3 5 3
2 8 3
1 5 3
5 8 3
3 8 3
1 8 3
1 3 3
5 3 4
8 6 4
6 2 4
8 1 4
8 2 4
6 1 4
2 6 4
2 8 4
6 8 4
1 3 4
3 8 4
5 6 4
1 6 4
3 6 4
5 8 4
3 5 4
1 5 4
1 8 4
8 6 5
7 2 5
6 1 5
8 1 5
8 2 5
5 3 5
7 6 5
8 7 5
6 2 5
3 8 5
2 7 5
1 3 5
6 8 5
3 5 5
2 8 5
1 8 5
5 6 5
3 6 5
1 6 5
7 8 5
2 6 5
6 7 5
1 5 5
5 8 5
8 1 6
7 2 6
6 2 6
1 3 6
5 9 6
8 4 6
6 9 6
6 1 6
8 6 6
8 2 6
7 6 6
4 1 6
9 1 6
6 4 6
8 7 6
4 2 6
9 8 6
9 4 6
9 6 6
7 4 6
5 3 6
3 5 6
4 8 6
3 6 6
1 8 6
4 9 6
8 9 6
3 9 6
5 6 6
2 4 6
7 8 6
4 6 6
1 5 6
1 9 6
1 4 6
5 8 6
4 5 6
2 7 6
6 7 6
3 4 6
4 7 6
2 6 6
3 8 6
6 8 6
2 8 6
1 6 6
9 1 7
5 3 7
8 2 7
9 8 7
8 6 7
7 2 7
9 6 7
6 2 7
2 6 7
9 4 7
7 8 7
4 6 7
4 7 7
6 7 7
1 6 7
5 8 7
4 9 7
3 6 7
3 8 7
1 8 7
1 3 7
1 9 7
6 9 7
3 4 7
2 7 7
6 8 7
5 9 7
8 9 7
2 8 7
5 6 7
4 5 7
3 5 7
1 5 7
4 8 7
3 9 7
1 4 7
6 1 7
7 6 7
7 4 7
6 4 7
8 7 7
8 4 7
4 1 7
8 1 7
9 4 8
8 2 8
7 2 8
4 1 8
8 1 8
9 1 8
7 6 8
6 2 8
9 6 8
6 1 8
6 4 8
9 8 8
8 6 8
5 3 8
8 7 8
7 4 8
8 4 8
8 9 8
6 9 8
1 4 8
1 8 8
7 8 8
4 5 8
3 5 8
6 8 8
1 5 8
3 4 8
4 6 8
3 8 8
1 6 8
3 6 8
1 3 8
2 6 8
6 7 8
5 8 8
3 9 8
2 7 8
5 9 8
2 8 8
4 9 8
1 9 8
4 7 8
4 8 8
5 6 8
4 1 9
9 4 9
8 4 9
8 1 9
6 1 9
8 2 9
7 4 9
9 6 9
5 3 9
6 4 9
8 7 9
8 6 9
7 6 9
9 1 9
7 2 9
9 8 9
4 8 9
3 5 9
1 6 9
3 6 9
2 8 9
4 7 9
1 3 9
2 7 9
3 4 9
6 9 9
8 9 9
4 9 9
1 8 9
5 8 9
4 6 9
7 8 9
6 8 9
5 9 9
4 5 9
6 7 9
1 9 9
5 6 9
3 9 9
1 4 9
1 5 9
3 8 9
9 1 10
7 2 10
8 6 10
5 6 10
4 1 10
6 7 10
4 9 10
7 8 10
1 8 10
4 7 10
3 5 10
8 9 10
4 5 10
1 3 10
3 6 10
1 6 10
7 9 10
3 8 10
5 9 10
3 4 10
4 6 10
9 6 10
3 9 10
2 8 10
4 8 10
1 5 10
8 2 10
7 6 10
1 4 10
8 7 10
8 1 10
8 4 10
7 4 10
5 3 10
9 8 10
9 4 10
9 7 10
6 4 10
2 7 10
5 8 10
1 9 10
6 8 10
6 9 10
6 1 10
8 9 11
4 6 11
3 8 11
3 6 11
1 3 11
7 9 11
4 7 11
2 8 11
6 9 11
3 4 11
3 5 11
1 6 11
5 8 11
3 9 11
1 8 11
6 7 11
4 1 11
8 6 11
8 4 11
8 7 11
7 2 11
9 1 11
9 4 11
6 1 11
5 9 11
9 8 11
6 4 11
7 4 11
8 2 11
9 7 11
8 1 11
9 6 11
4 9 11
1 9 11
2 7 11
1 5 11
7 8 11
4 8 11
6 8 11
5 7 11
1 4 11
4 5 11
5 6 11
5 3 11
7 6 11
5 3 12
9 6 12
7 4 12
8 7 12
7 1 12
6 4 12
7 6 12
8 2 12
9 8 12
7 2 12
8 1 12
4 1 12
9 4 12
8 4 12
8 6 12
9 7 12
9 1 12
1 3 12
6 1 12
7 9 12
1 7 12
3 6 12
4 7 12
6 9 12
3 5 12
5 7 12
1 9 12
3 4 12
1 5 12
4 8 12
4 9 12
1 4 12
1 6 12
5 6 12
6 8 12
5 8 12
7 8 12
1 8 12
3 8 12
4 5 12
4 6 12
3 9 12
2 8 12
8 9 12
2 7 12
5 9 12
6 7 12
5 8 13
6 1 13
6 9 13
3 9 13
7 8 13
9 8 13
7 1 13
8 1 13
7 6 13
8 4 13
4 5 13
9 7 13
9 6 13
8 7 13
6 4 13
8 6 13
9 4 13
7 2 13
4 1 13
8 2 13
4 6 13
9 1 13
7 4 13
5 3 13
4 9 13
2 7 13
1 3 13
1 4 13
2 8 13
4 7 13
5 6 13
3 8 13
3 5 13
6 8 13
1 9 13
7 9 13
3 4 13
5 7 13
1 6 13
6 7 13
5 9 13
1 8 13
1 7 13
8 9 13
1 5 13
3 6 13
4 8 13
4 5 14
3 4 14
7 9 14
7 8 14
3 5 14
3 9 14
8 9 14
1 4 14
5 6 14
2 9 14
2 8 14
1 5 14
5 9 14
4 9 14
6 8 14
1 8 14
2 7 14
4 6 14
5 7 14
6 7 14
1 9 14
1 3 14
4 7 14
3 7 14
3 6 14
3 8 14
1 6 14
4 8 14
1 7 14
6 9 14
7 1 14
5 8 14
8 7 14
9 7 14
7 6 14
9 6 14
7 2 14
8 6 14
9 4 14
8 2 14
9 2 14
4 1 14
8 1 14
9 1 14
7 4 14
6 1 14
8 4 14
2 6 14
9 8 14
6 4 14
6 2 14
5 3 14
4 8 15
5 8 15
3 9 15
6 1 15
4 5 15
7 8 15
1 9 15
6 9 15
4 6 15
3 8 15
6 8 15
2 6 15
7 2 15
9 2 15
8 1 15
9 7 15
5 3 15
8 2 15
9 8 15
7 1 15
1 6 15
7 4 15
7 6 15
2 1 15
4 1 15
9 4 15
5 7 15
2 8 15
2 9 15
6 2 15
8 4 15
4 2 15
8 6 15
8 7 15
9 1 15
9 6 15
6 4 15
1 5 15
1 4 15
1 3 15
1 2 15
6 7 15
4 7 15
3 6 15
2 7 15
1 7 15
8 9 15
5 6 15
3 5 15
3 7 15
5 9 15
7 9 15
3 4 15
1 8 15
4 9 15
2 4 15
2 4 16
4 5 16
9 7 16
8 4 16
7 2 16
8 1 16
4 2 16
6 4 16
9 1 16
6 8 16
8 7 16
6 2 16
9 6 16
9 4 16
1 3 16
2 6 16
5 8 16
3 6 16
5 9 16
7 8 16
4 7 16
3 7 16
1 5 16
1 9 16
2 5 16
4 6 16
6 9 16
5 3 16
7 4 16
6 1 16
1 2 16
1 7 16
1 4 16
5 7 16
2 8 16
3 8 16
6 7 16
1 6 16
5 6 16
2 9 16
3 5 16
3 9 16
4 9 16
9 2 16
8 9 16
7 6 16
8 2 16
9 8 16
4 1 16
7 1 16
2 1 16
8 6 16
1 8 16
3 4 16
2 7 16
4 8 16
7 9 16
7 1 17
5 3 17
6 2 17
9 6 17
8 1 17
7 2 17
4 1 17
9 8 17
9 2 17
8 6 17
9 4 17
6 4 17
6 1 17
8 7 17
2 1 17
8 4 17
8 2 17
9 7 17
7 4 17
7 6 17
1 5 17
3 9 17
5 7 17
1 8 17
2 7 17
1 4 17
8 9 17
5 6 17
6 9 17
2 9 17
4 9 17
3 4 17
3 8 17
6 7 17
4 5 17
1 6 17
6 8 17
7 8 17
2 6 17
5 9 17
3 6 17
3 5 17
3 7 17
4 6 17
4 7 17
1 3 17
5 8 17
1 7 17
2 8 17
4 8 17
2 4 17
2 5 17
1 9 17
9 1 17
7 9 17
1 2 17
4 2 17
4 6 18
3 6 18
3 5 18
1 8 18
2 8 18
6 4 18
8 6 18
8 7 18
7 6 18
4 2 18
9 1 18
6 2 18
9 6 18
9 8 18
9 7 18
7 1 18
8 2 18
8 1 18
5 3 18
7 2 18
4 1 18
2 1 18
7 4 18
9 2 18
9 4 18
2 5 18
2 7 18
8 4 18
1 4 18
1 3 18
3 8 18
6 8 18
5 8 18
2 3 18
7 8 18
5 9 18
3 7 18
6 7 18
1 5 18
2 4 18
1 9 18
2 6 18
4 5 18
1 2 18
6 9 18
3 9 18
7 9 18
1 7 18
1 6 18
3 4 18
4 8 18
4 9 18
2 9 18
5 6 18
5 7 18
4 7 18
8 9 18
6 1 18
9 7 19
9 2 19
3 7 19
1 2 19
8 9 19
2 6 19
1 9 19
2 5 19
3 5 19
3 8 19
3 6 19
1 3 19
8 6 19
4 7 19
1 7 19
6 7 19
8 4 19
6 4 19
9 4 19
5 8 19
1 8 19
5 7 19
6 9 19
5 6 19
2 8 19
4 9 19
4 5 19
2 4 19
3 9 19
6 8 19
4 6 19
3 4 19
2 9 19
2 3 19
7 9 19
4 8 19
5 9 19
1 4 19
1 5 19
8 2 19
9 6 19
8 1 19
4 1 19
7 2 19
8 7 19
7 6 19
2 1 19
9 8 19
6 2 19
9 1 19
5 3 19
7 4 19
7 1 19
6 1 19
7 8 19
2 7 19
4 2 19
1 6 19
2 3 20
6 1 20
4 9 20
4 7 20
5 6 20
2 4 20
1 9 20
2 8 20
2 9 20
3 8 20
4 8 20
8 9 20
3 9 20
1 6 20
1 3 20
3 4 20
3 6 20
2 5 20
4 6 20
1 4 20
2 1 20
1 8 20
6 7 20
7 9 20
5 9 20
1 7 20
7 8 20
4 5 20
5 7 20
6 8 20
1 5 20
3 5 20
6 9 20
2 6 20
2 7 20
1 2 20
5 8 20
3 7 20
4 1 20
8 4 20
8 2 20
9 1 20
4 2 20
7 4 20
9 2 20
8 1 20
9 8 20
9 4 20
9 7 20
7 6 20
9 6 20
5 3 20
6 4 20
6 2 20
8 7 20
7 1 20
8 6 20
7 2 20
6 9 21
5 8 21
2 5 21
2 9 21
3 6 21
8 4 21
4 7 21
1 8 21
8 6 21
1 2 21
4 6 21
3 4 21
7 9 21
5 9 21
2 4 21
1 3 21
3 9 21
3 5 21
2 3 21
6 8 21
4 8 21
1 9 21
1 4 21
1 5 21
7 8 21
8 9 21
4 5 21
3 7 21
6 7 21
1 6 21
5 7 21
2 7 21
2 8 21
4 9 21
5 6 21
2 6 21
9 2 21
7 1 21
6 4 21
9 7 21
4 2 21
5 3 21
3 8 21
9 1 21
4 1 21
8 7 21
9 8 21
1 7 21
6 1 21
7 2 21
8 2 21
6 2 21
7 4 21
8 1 21
9 6 21
9 4 21
7 6 21
2 1 21
1 2 22
1 7 22
3 4 22
1 5 22
1 4 22
1 9 22
3 8 22
1 6 22
4 9 22
6 8 22
3 9 22
2 7 22
3 7 22
6 9 22
2 8 22
5 7 22
4 5 22
5 9 22
4 8 22
9 6 22
7 2 22
8 2 22
8 4 22
8 9 22
5 8 22
2 9 22
7 9 22
6 4 22
5 3 22
7 6 22
6 2 22
8 7 22
7 4 22
4 2 22
9 2 22
9 7 22
8 1 22
9 4 22
6 1 22
4 1 22
9 1 22
8 6 22
7 1 22
2 1 22
9 8 22
4 6 22
3 5 22
5 6 22
6 7 22
2 6 22
1 3 22
3 6 22
2 5 22
2 3 22
4 7 22
2 4 22
1 8 22
7 8 22
2 3 23
1 8 23
1 2 23
7 8 23
4 5 23
8 9 23
3 7 23
8 7 23
2 1 23
7 1 23
8 4 23
8 2 23
6 4 23
9 1 23
1 7 23
6 2 23
7 4 23
4 2 23
9 2 23
9 4 23
8 6 23
9 6 23
4 1 23
7 6 23
9 7 23
6 1 23
7 2 23
8 1 23
5 3 23
4 8 23
9 8 23
1 4 23
2 7 23
1 6 23
7 9 23
5 7 23
1 3 23
6 7 23
2 8 23
3 6 23
6 9 23
6 8 23
4 9 23
5 8 23
2 9 23
2 4 23
5 9 23
2 5 23
3 5 23
2 6 23
3 4 23
3 9 23
5 6 23
4 7 23
3 8 23
1 9 23
4 6 23
1 5 23
9 8 24
9 7 24
8 6 24
2 1 24
7 2 24
7 6 24
4 1 24
7 1 24
8 4 24
6 1 24
9 1 24
7 4 24
9 2 24
8 7 24
4 2 24
9 4 24
6 4 24
9 6 24
5 3 24
8 2 24
6 2 24
8 1 24
4 6 24
3 8 24
2 8 24
4 8 24
1 4 24
3 7 24
8 9 24
3 6 24
7 9 24
6 8 24
1 7 24
6 7 24
1 2 24
1 6 24
2 3 24
6 9 24
1 9 24
5 6 24
2 7 24
4 7 24
3 9 24
4 5 24
3 5 24
5 7 24
1 5 24
1 3 24
2 6 24
5 8 24
1 8 24
4 9 24
2 4 24
7 8 24
5 9 24
3 4 24
2 9 24
2 5 24
7 1 25
8 6 25
9 1 25
7 6 25
4 5 25
4 2 25
4 6 25
5 6 25
7 2 25
2 6 25
8 7 25
6 1 25
9 4 25
8 4 25
8 1 25
7 4 25
9 2 25
9 8 25
8 2 25
9 6 25
2 1 25
9 7 25
5 3 25
6 2 25
6 4 25
1 3 25
4 1 25
7 9 25
3 5 25
3 4 25
2 9 25
8 9 25
3 6 25
2 4 25
4 8 25
1 4 25
1 6 25
2 7 25
1 2 25
1 7 25
3 7 25
5 8 25
4 7 25
1 5 25
1 9 25
3 8 25
6 7 25
2 3 25
2 5 25
7 8 25
2 8 25
5 7 25
4 9 25
5 9 25
6 9 25
3 9 25
6 8 25
1 8 25
8 7 26
7 4 26
9 1 26
6 1 26
6 2 26
8 1 26
4 1 26
8 2 26
8 4 26
9 8 26
7 2 26
2 1 26
7 1 26
9 7 26
5 3 26
8 6 26
7 6 26
4 2 26
6 4 26
3 6 26
6 9 26
4 6 26
5 8 26
1 9 26
5 6 26
1 6 26
2 6 26
9 4 26
1 8 26
1 5 26
2 8 26
8 9 26
5 7 26
2 5 26
6 7 26
2 7 26
1 4 26
9 6 26
9 2 26
3 7 26
2 9 26
7 8 26
4 5 26
2 4 26
4 8 26
4 7 26
6 8 26
3 5 26
1 2 26
3 4 26
7 9 26
1 3 26
3 8 26
1 7 26
5 9 26
3 9 26
2 3 26
4 9 26
8 7 27
9 1 27
8 1 27
6 1 27
7 1 27
9 2 27
9 8 27
5 3 27
2 9 27
8 2 27
9 4 27
4 2 27
7 2 27
8 4 27
4 1 27
7 4 27
9 6 27
6 4 27
6 2 27
9 7 27
2 1 27
8 6 27
7 6 27
3 6 27
3 7 27
5 6 27
2 5 27
3 9 27
1 2 27
3 5 27
2 3 27
1 9 27
1 5 27
1 8 27
8 9 27
6 7 27
1 7 27
1 6 27
5 9 27
2 8 27
4 9 27
7 8 27
2 7 27
2 4 27
5 7 27
4 5 27
7 9 27
2 6 27
1 3 27
3 4 27
3 8 27
6 9 27
4 7 27
6 8 27
1 4 27
4 8 27
5 8 27
4 6 27
4 5 28
5 8 28
1 2 28
6 8 28
2 4 28
7 9 28
1 8 28
4 7 28
1 5 28
1 6 28
4 6 28
4 9 28
3 8 28
5 7 28
1 4 28
3 6 28
2 8 28
3 7 28
3 9 28
2 5 28
8 7 28
9 4 28
6 4 28
6 1 28
8 2 28
7 4 28
9 7 28
5 6 28
4 2 28
8 1 28
8 6 28
8 4 28
9 6 28
9 2 28
7 1 28
5 3 28
9 1 28
9 8 28
7 2 28
7 6 28
6 2 28
4 1 28
2 1 28
5 9 28
2 6 28
4 8 28
6 9 28
2 9 28
1 7 28
1 3 28
3 5 28
3 4 28
1 9 28
8 9 28
2 7 28
7 8 28
2 3 28
6 7 28
6 9 29
3 5 29
3 4 29
3 8 29
4 9 29
1 7 29
2 8 29
4 8 29
5 9 29
2 7 29
1 5 29
2 5 29
2 3 29
2 6 29
1 8 29
5 7 29
8 9 29
2 9 29
6 8 29
5 6 29
5 8 29
4 7 29
7 9 29
6 7 29
4 6 29
3 6 29
1 2 29
1 3 29
4 5 29
1 6 29
3 7 29
2 4 29
3 9 29
7 8 29
1 4 29
6 1 29
2 1 29
1 9 29
8 2 29
9 8 29
6 4 29
9 2 29
4 2 29
8 6 29
9 7 29
7 6 29
7 4 29
6 2 29
8 4 29
7 1 29
8 7 29
5 3 29
9 6 29
9 4 29
9 1 29
4 1 29
7 2 29
8 1 29
2 9 30
1 3 30
1 6 30
4 5 30
2 6 30
6 7 30
7 8 30
8 4 30
1 7 30
1 2 30
5 9 30
7 9 30
3 6 30
4 6 30
4 7 30
6 8 30
6 9 30
2 8 30
5 7 30
1 8 30
1 4 30
8 9 30
2 3 30
2 7 30
3 5 30
4 9 30
1 5 30
9 1 30
4 2 30
3 8 30
5 6 30
5 8 30
4 8 30
2 5 30
3 9 30
1 9 30
2 4 30
3 7 30
3 4 30
2 1 30
9 7 30
7 4 30
8 6 30
6 4 30
9 4 30
9 2 30
6 1 30
6 2 30
7 6 30
8 2 30
9 6 30
8 7 30
5 3 30
7 2 30
9 8 30
4 1 30
8 1 30
7 1 30
1 6 31
1 9 31
4 6 31
1 7 31
6 9 31
2 1 31
1 3 31
6 7 31
4 5 31
9 1 31
6 4 31
7 1 31
6 1 31
9 6 31
6 2 31
9 2 31
8 4 31
1 2 31
5 3 31
8 2 31
8 6 31
4 1 31
8 1 31
7 4 31
9 8 31
7 2 31
9 4 31
4 2 31
8 7 31
9 7 31
2 3 31
7 8 31
3 9 31
2 6 31
2 9 31
4 8 31
3 5 31
7 9 31
2 8 31
3 7 31
1 5 31
6 8 31
2 5 31
1 4 31
5 6 31
3 8 31
1 8 31
7 6 31
5 8 31
5 7 31
8 9 31
2 7 31
3 4 31
5 9 31
4 9 31
2 4 31
3 6 31
4 7 31
3 9 32
5 6 32
1 6 32
3 7 32
4 8 32
8 4 32
6 1 32
5 3 32
9 2 32
7 2 32
9 7 32
8 6 32
4 2 32
7 6 32
4 1 32
8 1 32
9 6 32
8 7 32
9 8 32
9 4 32
9 1 32
6 2 32
8 2 32
7 1 32
2 1 32
6 4 32
5 7 32
3 5 32
2 9 32
7 4 32
1 3 32
4 6 32
1 2 32
1 7 32
5 9 32
4 7 32
3 6 32
2 5 32
3 8 32
1 5 32
2 6 32
1 9 32
4 9 32
8 9 32
2 8 32
6 9 32
7 8 32
2 7 32
2 3 32
7 9 32
4 5 32
6 8 32
5 8 32
2 4 32
6 7 32
1 4 32
1 8 32
3 4 32
7 2 33
8 6 33
9 1 33
9 8 33
7 4 33
9 7 33
7 6 33
2 1 33
8 7 33
8 2 33
8 4 33
9 2 33
9 6 33
5 3 33
7 1 33
6 1 33
4 1 33
9 4 33
6 4 33
6 2 33
2 5 33
8 9 33
3 6 33
6 7 33
5 9 33
1 2 33
4 6 33
2 8 33
3 9 33
4 8 33
2 9 33
1 3 33
2 3 33
5 6 33
6 9 33
1 5 33
3 7 33
7 8 33
3 5 33
1 7 33
1 6 33
3 8 33
3 4 33
1 4 33
5 8 33
1 8 33
2 4 33
7 9 33
4 7 33
8 1 33
6 8 33
5 7 33
2 7 33
4 9 33
2 6 33
4 2 33
4 5 33
1 9 33
2 1 34
9 8 34
9 4 34
6 2 34
9 6 34
7 2 34
7 6 34
6 4 34
7 4 34
8 2 34
8 7 34
9 7 34
4 1 34
4 2 34
6 1 34
9 1 34
8 4 34
8 6 34
7 1 34
5 3 34
8 1 34
9 2 34
4 8 34
2 8 34
4 7 34
2 6 34
5 7 34
2 3 34
8 9 34
3 6 34
1 5 34
5 6 34
4 6 34
1 8 34
7 9 34
5 8 34
4 5 34
1 4 34
3 4 34
2 4 34
3 7 34
2 7 34
6 7 34
4 9 34
6 9 34
3 5 34
3 8 34
6 8 34
2 5 34
1 9 34
5 9 34
1 7 34
7 8 34
1 3 34
3 9 34
1 2 34
2 9 34
1 6 34
9 4 35
6 2 35
8 4 35
9 2 35
9 7 35
4 2 35
2 1 35
7 4 35
5 3 35
6 1 35
7 2 35
4 1 35
8 2 35
7 1 35
3 8 35
9 1 35
9 8 35
7 6 35
9 6 35
8 6 35
6 4 35
8 7 35
6 7 35
7 8 35
4 6 35
6 8 35
3 9 35
2 3 35
8 1 35
5 9 35
6 9 35
7 9 35
1 9 35
2 5 35
1 8 35
5 7 35
1 7 35
2 7 35
4 9 35
2 6 35
4 8 35
5 8 35
2 9 35
2 4 35
1 3 35
1 4 35
3 4 35
4 5 35
1 6 35
3 5 35
1 2 35
4 7 35
2 8 35
5 6 35
1 5 35
8 9 35
3 7 35
3 6 35
2 5 36
7 8 36
3 4 36
1 6 36
2 3 36
2 7 36
4 6 36
4 5 36
3 8 36
4 7 36
5 9 36
2 8 36
3 6 36
1 4 36
1 2 36
7 9 36
2 9 36
1 3 36
3 9 36
5 7 36
1 7 36
1 9 36
8 9 36
6 7 36
9 8 36
8 6 36
5 3 36
9 6 36
9 4 36
4 2 36
8 4 36
8 1 36
8 7 36
6 1 36
6 2 36
7 2 36
6 4 36
7 4 36
9 1 36
8 2 36
4 1 36
2 1 36
9 7 36
9 2 36
7 6 36
7 1 36
5 6 36
1 8 36
2 6 36
2 4 36
4 9 36
6 9 36
3 5 36
3 7 36
5 8 36
6 8 36
1 5 36
4 8 36
8 6 37
9 1 37
9 6 37
8 4 37
3 6 37
6 8 37
3 8 37
9 4 37
1 9 37
6 9 37
4 9 37
9 8 37
6 2 37
8 2 37
8 7 37
2 5 37
4 1 37
9 7 37
4 2 37
5 3 37
7 2 37
2 1 37
6 1 37
6 4 37
7 6 37
7 4 37
5 7 37
8 9 37
1 8 37
9 2 37
3 7 37
4 7 37
2 8 37
7 8 37
5 9 37
1 5 37
2 6 37
3 4 37
1 4 37
7 9 37
2 4 37
3 5 37
4 8 37
7 1 37
4 5 37
5 6 37
3 9 37
1 7 37
2 9 37
6 7 37
2 3 37
4 6 37
1 6 37
1 3 37
5 8 37
1 2 37
8 1 37
2 7 37
4 6 38
8 1 38
9 1 38
3 8 38
9 7 38
6 4 38
9 2 38
7 1 38
7 2 38
5 3 38
8 2 38
7 4 38
9 4 38
4 1 38
7 6 38
9 6 38
2 1 38
8 6 38
6 2 38
8 4 38
4 2 38
6 1 38
8 7 38
9 8 38
5 6 38
1 5 38
2 9 38
1 6 38
5 8 38
2 4 38
3 4 38
4 8 38
2 6 38
2 5 38
6 8 38
3 6 38
3 7 38
1 2 38
5 9 38
2 3 38
8 9 38
6 9 38
4 5 38
6 7 38
5 7 38
1 4 38
4 9 38
4 7 38
2 8 38
3 5 38
2 7 38
1 7 38
1 3 38
1 8 38
7 8 38
1 9 38
3 9 38
7 9 38
4 9 39
4 2 39
6 1 39
3 9 39
5 3 39
7 6 39
7 2 39
9 6 39
9 4 39
7 1 39
8 4 39
8 1 39
6 2 39
3 5 39
1 6 39
2 4 39
7 8 39
2 9 39
1 9 39
5 8 39
5 9 39
2 8 39
1 2 39
7 9 39
6 8 39
8 9 39
4 7 39
1 4 39
8 7 39
9 2 39
9 1 39
8 2 39
1 5 39
2 5 39
3 7 39
3 4 39
2 3 39
1 7 39
4 8 39
1 8 39
2 6 39
5 6 39
5 7 39
3 6 39
3 8 39
4 6 39
1 3 39
4 5 39
2 7 39
2 1 39
9 7 39
8 6 39
9 8 39
7 4 39
4 1 39
6 4 39
6 9 39
6 7 39
9 6 40
4 1 40
7 1 40
8 1 40
1 3 40
1 7 40
4 8 40
4 6 40
3 6 40
7 9 40
2 8 40
5 7 40
2 5 40
1 2 40
5 8 40
2 7 40
5 6 40
2 9 40
6 8 40
6 7 40
2 4 40
4 5 40
2 6 40
4 7 40
1 4 40
6 9 40
9 4 40
4 9 40
1 9 40
3 5 40
3 8 40
1 6 40
3 9 40
1 5 40
2 3 40
3 7 40
5 9 40
3 4 40
8 9 40
1 8 40
9 1 40
7 8 40
6 1 40
5 3 40
7 6 40
8 6 40
9 2 40
4 2 40
2 1 40
8 2 40
7 2 40
6 4 40
8 4 40
6 2 40
8 7 40
7 4 40
9 8 40
9 7 40
1 7 41
4 5 41
2 4 41
3 7 41
2 8 41
6 7 41
2 7 41
7 9 41
4 9 41
1 5 41
3 5 41
2 5 41
5 8 41
4 8 41
1 6 41
5 7 41
3 4 41
2 9 41
2 3 41
6 9 41
5 9 41
1 2 41
8 9 41
1 9 41
3 8 41
3 9 41
3 6 41
1 4 41
6 8 41
1 8 41
4 7 41
1 3 41
2 6 41
5 6 41
4 6 41
7 8 41
6 1 41
6 4 41
4 1 41
9 7 41
5 3 41
9 4 41
9 6 41
2 1 41
9 8 41
9 1 41
8 7 41
8 1 41
7 1 41
8 6 41
8 2 41
4 2 41
7 6 41
9 2 41
6 2 41
7 4 41
8 4 41
7 2 41
2 4 42
3 5 42
6 7 42
6 9 42
2 9 42
2 8 42
4 6 42
2 1 42
1 6 42
7 9 42
3 7 42
3 8 42
1 7 42
1 5 42
1 8 42
4 9 42
5 8 42
5 9 42
3 4 42
2 5 42
1 4 42
3 9 42
2 3 42
8 9 42
1 9 42
3 6 42
6 8 42
2 6 42
1 3 42
4 7 42
5 7 42
4 5 42
5 6 42
4 8 42
2 7 42
9 8 42
7 8 42
1 2 42
9 6 42
7 6 42
4 1 42
9 4 42
8 1 42
7 1 42
9 7 42
9 1 42
8 6 42
6 2 42
5 3 42
8 4 42
9 2 42
6 1 42
8 7 42
4 2 42
7 4 42
8 2 42
6 4 42
7 2 42
2 6 43
4 7 43
5 7 43
7 9 43
3 6 43
1 9 43
2 3 43
4 5 43
6 8 43
5 6 43
4 8 43
7 8 43
1 8 43
3 5 43
2 4 43
6 7 43
4 9 43
3 4 43
2 9 43
2 7 43
2 8 43
4 6 43
3 7 43
1 5 43
2 5 43
1 3 43
3 8 43
1 6 43
1 2 43
1 7 43
8 7 43
8 1 43
5 3 43
4 2 43
7 6 43
9 4 43
9 2 43
7 2 43
8 2 43
6 4 43
6 1 43
8 6 43
9 8 43
8 9 43
6 2 43
5 9 43
9 1 43
5 8 43
6 9 43
1 4 43
4 1 43
3 9 43
2 1 43
7 1 43
8 4 43
9 7 43
7 4 43
9 6 43
2 5 44
7 8 44
5 7 44
1 5 44
2 3 44
2 7 44
1 6 44
3 8 44
6 9 44
3 5 44
4 6 44
2 6 44
4 5 44
6 8 44
1 7 44
3 6 44
4 7 44
1 9 44
2 9 44
4 9 44
4 8 44
8 9 44
6 7 44
7 9 44
2 8 44
1 3 44
1 8 44
3 7 44
5 8 44
3 9 44
1 4 44
5 9 44
2 4 44
1 2 44
3 4 44
5 6 44
9 2 44
8 6 44
6 1 44
6 4 44
9 6 44
7 1 44
7 2 44
8 7 44
6 2 44
2 1 44
9 1 44
5 3 44
4 1 44
4 2 44
9 4 44
9 8 44
7 6 44
8 4 44
8 2 44
8 1 44
7 4 44
9 7 44
2 9 45
5 6 45
1 7 45
5 9 45
1 3 45
7 9 45
3 9 45
3 6 45
2 8 45
4 9 45
2 3 45
2 6 45
1 2 45
2 4 45
3 8 45
3 4 45
5 8 45
4 5 45
3 5 45
1 4 45
1 9 45
8 9 45
7 8 45
4 7 45
4 6 45
4 8 45
2 5 45
3 7 45
5 7 45
1 5 45
6 7 45
2 7 45
1 6 45
6 9 45
6 8 45
1 8 45
8 7 45
8 4 45
7 4 45
8 6 45
9 8 45
9 1 45
4 1 45
8 1 45
5 3 45
6 1 45
9 6 45
4 2 45
9 2 45
7 1 45
9 7 45
8 2 45
9 4 45
6 2 45
2 1 45
6 4 45
7 6 45
7 2 45
8 1 46
6 1 46
9 8 46
8 7 46
4 1 46
6 2 46
7 6 46
8 6 46
7 2 46
8 4 46
5 3 46
9 6 46
6 9 46
5 6 46
1 6 46
7 9 46
1 8 46
2 4 46
2 8 46
3 9 46
9 7 46
2 9 46
1 2 46
5 9 46
3 4 46
5 8 46
4 6 46
1 7 46
3 8 46
4 9 46
1 9 46
3 5 46
4 8 46
3 6 46
8 9 46
7 8 46
1 4 46
2 5 46
3 7 46
2 6 46
6 7 46
1 3 46
2 3 46
6 8 46
4 5 46
2 7 46
1 5 46
5 7 46
9 1 46
9 2 46
4 7 46
4 2 46
7 4 46
2 1 46
9 4 46
6 4 46
7 1 46
8 2 46
4 7 47
8 9 47
3 4 47
3 8 47
2 4 47
2 9 47
1 8 47
1 3 47
1 9 47
2 5 47
1 2 47
7 9 47
2 6 47
4 6 47
3 7 47
3 6 47
5 7 47
1 4 47
5 6 47
2 7 47
7 8 47
1 7 47
2 8 47
6 7 47
6 8 47
3 9 47
2 3 47
5 8 47
6 1 47
9 6 47
8 4 47
9 1 47
9 2 47
2 1 47
4 2 47
9 8 47
7 4 47
8 1 47
9 7 47
8 6 47
4 8 47
6 4 47
4 1 47
9 4 47
7 2 47
5 3 47
8 7 47
7 1 47
8 2 47
7 6 47
4 5 47
1 6 47
6 9 47
5 9 47
6 2 47
1 5 47
4 9 47
3 5 47
2 6 48
1 3 48
5 7 48
4 8 48
8 4 48
6 2 48
4 1 48
3 8 48
8 7 48
9 8 48
7 2 48
9 7 48
3 6 48
7 6 48
4 2 48
2 1 48
8 2 48
9 4 48
5 3 48
6 4 48
9 2 48
9 1 48
8 6 48
7 4 48
8 1 48
7 1 48
6 1 48
1 4 48
3 5 48
6 9 48
3 9 48
3 4 48
5 9 48
2 4 48
1 2 48
2 8 48
4 9 48
1 7 48
1 8 48
4 7 48
2 5 48
5 8 48
1 9 48
2 9 48
4 6 48
4 5 48
1 5 48
6 8 48
9 6 48
1 6 48
7 8 48
5 6 48
3 7 48
2 3 48
8 9 48
2 7 48
6 7 48
7 9 48
4 9 49
7 8 49
6 9 49
5 6 49
5 8 49
6 8 49
2 8 49
2 3 49
2 6 49
1 3 49
4 6 49
3 4 49
5 9 49
1 2 49
1 7 49
2 4 49
3 6 49
4 2 49
3 7 49
4 8 49
3 9 49
5 7 49
1 9 49
2 7 49
3 8 49
2 9 49
2 5 49
4 7 49
1 8 49
1 5 49
6 7 49
1 6 49
7 9 49
4 5 49
1 4 49
3 5 49
8 9 49
6 2 49
5 3 49
8 2 49
7 1 49
2 1 49
6 4 49
9 6 49
8 7 49
9 4 49
4 1 49
9 8 49
8 6 49
6 1 49
7 6 49
8 1 49
8 4 49
9 1 49
7 2 49
9 2 49
7 4 49
9 7 49
6 4 50
7 1 50
7 4 50
5 3 50
9 7 50
1 7 50
3 5 50
4 7 50
5 9 50
6 1 50
4 5 50
9 6 50
7 6 50
8 4 50
8 7 50
9 4 50
8 2 50
8 6 50
4 1 50
9 1 50
8 1 50
4 6 50
9 8 50
9 2 50
4 2 50
2 1 50
3 6 50
7 8 50
3 4 50
5 7 50
2 7 50
2 6 50
2 3 50
2 4 50
1 5 50
2 9 50
5 6 50
8 9 50
6 7 50
5 8 50
1 8 50
1 6 50
2 5 50
1 4 50
6 8 50
2 8 50
4 9 50
6 2 50
3 9 50
4 8 50
1 2 50
3 8 50
6 9 50
1 3 50
3 7 50
1 9 50
7 2 50
7 9 50
9 2 51
1 5 51
5 9 51
2 3 51
4 5 51
7 8 51
3 9 51
1 9 51
1 6 51
2 4 51
1 3 51
6 9 51
2 5 51
6 2 51
1 2 51
1 4 51
4 8 51
3 6 51
3 4 51
2 6 51
2 7 51
5 6 51
2 8 51
1 7 51
5 7 51
6 7 51
3 5 51
7 9 51
4 7 51
1 8 51
4 6 51
4 9 51
6 8 51
8 9 51
5 8 51
3 8 51
2 9 51
8 7 51
9 1 51
7 6 51
9 4 51
6 4 51
8 1 51
7 4 51
9 7 51
9 8 51
8 6 51
7 1 51
5 3 51
6 1 51
4 1 51
4 2 51
3 7 51
2 1 51
8 4 51
7 2 51
8 2 51
9 6 51
2 5 52
5 9 52
1 5 52
6 7 52
2 3 52
5 8 52
4 6 52
4 5 52
4 7 52
7 9 52
5 7 52
6 8 52
3 5 52
6 2 52
3 7 52
6 9 52
2 6 52
1 3 52
1 4 52
1 6 52
1 8 52
3 9 52
7 8 52
4 1 52
6 1 52
8 1 52
8 9 52
1 7 52
7 1 52
5 6 52
8 2 52
7 2 52
9 2 52
9 4 52
8 4 52
4 2 52
2 1 52
9 1 52
8 7 52
5 3 52
9 7 52
7 4 52
6 4 52
2 8 52
7 6 52
2 4 52
4 8 52
3 8 52
8 6 52
3 6 52
2 9 52
4 9 52
2 7 52
1 2 52
1 9 52
9 6 52
9 8 52
3 4 52
9 6 53
4 1 53
6 1 53
7 2 53
8 1 53
7 6 53
6 2 53
9 8 53
9 1 53
9 2 53
8 6 53
9 4 53
8 2 53
7 1 53
2 7 53
8 7 53
5 3 53
9 7 53
7 4 53
8 4 53
4 2 53
1 8 53
6 9 53
5 8 53
1 9 53
1 3 53
3 7 53
2 5 53
2 9 53
6 8 53
4 9 53
2 8 53
3 9 53
1 7 53
2 4 53
7 8 53
5 7 53
3 5 53
7 9 53
4 7 53
4 5 53
4 6 53
5 9 53
1 2 53
5 6 53
3 4 53
2 3 53
6 7 53
2 6 53
4 8 53
8 9 53
1 5 53
2 1 53
3 8 53
1 4 53
1 6 53
3 6 53
6 4 53
4 9 54
2 5 54
2 3 54
2 9 54
1 5 54
6 7 54
6 8 54
4 5 54
7 9 54
4 8 54
3 4 54
8 9 54
4 7 54
1 8 54
3 5 54
5 7 54
2 6 54
1 7 54
1 2 54
2 8 54
3 7 54
1 6 54
5 8 54
3 9 54
5 6 54
2 4 54
1 4 54
3 8 54
5 9 54
2 7 54
6 9 54
1 3 54
7 8 54
1 9 54
3 6 54
4 6 54
9 6 54
2 1 54
7 1 54
6 4 54
7 2 54
9 1 54
4 1 54
9 4 54
6 1 54
8 2 54
9 2 54
7 6 54
8 6 54
8 4 54
9 7 54
9 8 54
7 4 54
8 1 54
5 3 54
8 7 54
4 2 54
6 2 54
8 4 55
9 1 55
8 6 55
9 2 55
7 2 55
4 2 55
6 4 55
8 2 55
9 8 55
5 3 55
7 4 55
9 7 55
9 4 55
6 8 55
2 7 55
6 7 55
1 7 55
1 2 55
5 9 55
3 8 55
3 6 55
1 6 55
1 5 55
3 7 55
1 3 55
6 9 55
1 8 55
1 4 55
2 3 55
3 4 55
2 9 55
2 6 55
2 5 55
2 4 55
4 6 55
2 8 55
5 7 55
8 9 55
4 5 55
4 8 55
3 5 55
4 7 55
4 9 55
3 9 55
7 8 55
5 6 55
7 9 55
5 8 55
8 7 55
1 9 55
2 1 55
6 2 55
6 1 55
4 1 55
8 1 55
9 6 55
7 6 55
7 1 55
1 9 56
4 9 56
2 4 56
1 7 56
5 8 56
3 7 56
3 6 56
8 9 56
9 8 56
7 1 56
4 2 56
9 4 56
6 1 56
9 2 56
4 1 56
7 2 56
9 7 56
1 6 56
8 2 56
3 8 56
2 9 56
4 7 56
7 8 56
2 6 56
3 4 56
4 5 56
6 9 56
6 7 56
1 2 56
6 8 56
2 5 56
3 9 56
5 9 56
1 5 56
4 8 56
4 6 56
2 3 56
1 8 56
3 5 56
2 8 56
7 9 56
2 7 56
1 4 56
5 6 56
1 3 56
5 7 56
5 3 56
9 1 56
6 4 56
7 4 56
8 7 56
6 2 56
9 6 56
8 1 56
2 1 56
8 6 56
8 4 56
7 6 56
6 8 57
7 9 57
3 4 57
4 9 57
2 9 57
1 7 57
4 8 57
5 6 57
6 9 57
8 9 57
6 7 57
1 3 57
2 6 57
5 8 57
2 5 57
2 7 57
3 8 57
4 6 57
1 4 57
4 7 57
3 9 57
3 5 57
5 7 57
1 9 57
1 5 57
1 6 57
2 8 57
5 9 57
1 2 57
2 3 57
3 6 57
7 2 57
6 2 57
6 4 57
4 1 57
7 4 57
5 3 57
9 1 57
6 1 57
4 2 57
4 5 57
8 7 57
2 1 57
1 8 57
2 4 57
7 8 57
8 1 57
8 6 57
9 4 57
9 2 57
7 1 57
8 4 57
9 6 57
9 8 57
7 6 57
9 7 57
8 2 57
3 7 57
3 4 58
4 7 58
3 9 58
5 7 58
2 7 58
4 8 58
5 6 58
2 8 58
3 5 58
1 4 58
3 8 58
2 4 58
1 5 58
1 7 58
6 7 58
1 8 58
6 8 58
1 2 58
4 6 58
3 6 58
1 6 58
7 9 58
4 5 58
7 8 58
8 9 58
3 7 58
1 9 58
1 3 58
6 9 58
9 4 58
9 6 58
9 2 58
9 1 58
9 7 58
7 4 58
8 4 58
7 2 58
8 2 58
5 3 58
4 1 58
4 2 58
2 9 58
7 1 58
8 1 58
8 6 58
2 1 58
6 4 58
6 1 58
8 7 58
9 8 58
6 2 58
2 6 58
4 9 58
5 8 58
5 9 58
7 6 58
2 5 58
2 3 58
5 9 59
1 5 59
3 9 59
4 5 59
1 8 59
2 6 59
3 8 59
3 6 59
6 9 59
3 4 59
1 4 59
6 8 59
7 9 59
1 9 59
7 8 59
4 6 59
1 6 59
4 9 59
1 7 59
6 7 59
3 5 59
4 8 59
8 4 59
5 3 59
8 2 59
9 2 59
2 1 59
7 2 59
9 8 59
7 4 59
7 6 59
7 1 59
9 4 59
4 7 59
4 2 59
6 4 59
8 7 59
9 1 59
9 7 59
8 6 59
4 1 59
9 6 59
6 2 59
8 1 59
6 1 59
1 3 59
2 4 59
8 9 59
5 7 59
2 3 59
2 9 59
2 5 59
1 2 59
2 8 59
5 8 59
3 7 59
5 6 59
2 7 59
3 8 60
1 8 60
3 6 60
5 9 60
4 6 60
6 7 60
3 4 60
3 9 60
7 8 60
1 7 60
9 1 60
9 6 60
9 4 60
7 4 60
3 5 60
8 6 60
7 2 60
9 8 60
9 7 60
9 2 60
4 1 60
4 2 60
1 3 60
4 5 60
2 8 60
6 1 60
4 8 60
5 6 60
2 4 60
2 5 60
6 9 60
4 9 60
4 7 60
1 9 60
6 8 60
2 7 60
8 9 60
7 9 60
2 9 60
1 4 60
5 7 60
1 5 60
1 6 60
1 2 60
5 8 60
2 3 60
2 6 60
2 1 60
3 7 60
6 2 60
8 1 60
7 1 60
8 4 60
7 6 60
8 2 60
8 7 60
6 4 60
5 3 60
2 4 61
4 8 61
3 9 61
6 7 61
3 7 61
4 5 61
4 7 61
2 5 61
1 4 61
1 9 61
6 9 61
5 7 61
1 8 61
1 3 61
5 6 61
2 7 61
1 6 61
2 9 61
4 9 61
7 8 61
8 9 61
3 4 61
5 9 61
1 2 61
6 8 61
3 6 61
7 9 61
1 5 61
5 8 61
2 8 61
3 5 61
3 8 61
4 6 61
2 3 61
2 6 61
1 7 61
9 7 61
5 3 61
8 2 61
9 2 61
8 6 61
2 1 61
7 1 61
9 8 61
8 7 61
9 4 61
6 1 61
8 4 61
7 6 61
7 4 61
7 2 61
4 1 61
9 1 61
9 6 61
8 1 61
4 2 61
6 2 61
6 4 61
1 7 62
5 7 62
4 9 62
6 7 62
3 8 62
2 6 62
1 6 62
2 3 62
8 7 62
8 9 62
6 4 62
1 9 62
5 6 62
5 8 62
2 4 62
3 5 62
3 7 62
2 9 62
5 9 62
7 9 62
4 7 62
3 9 62
2 7 62
6 8 62
6 9 62
1 8 62
1 4 62
7 8 62
4 5 62
4 8 62
4 6 62
2 5 62
6 1 62
6 2 62
7 6 62
9 4 62
7 1 62
9 8 62
8 1 62
9 6 62
8 6 62
7 2 62
7 4 62
9 7 62
4 1 62
5 3 62
1 3 62
9 2 62
8 4 62
1 5 62
3 4 62
1 2 62
3 6 62
2 1 62
8 2 62
9 1 62
4 2 62
2 8 62
2 6 63
3 8 63
7 8 63
2 8 63
1 2 63
1 8 63
6 8 63
4 5 63
5 9 63
1 7 63
5 7 63
3 6 63
3 4 63
6 7 63
4 8 63
5 8 63
3 5 63
2 9 63
1 6 63
3 9 63
1 9 63
2 3 63
4 7 63
4 6 63
2 7 63
6 9 63
2 5 63
2 4 63
1 4 63
8 9 63
1 3 63
1 5 63
7 9 63
9 4 63
9 7 63
9 8 63
8 1 63
7 1 63
8 6 63
2 1 63
6 2 63
8 2 63
8 7 63
4 1 63
4 2 63
5 3 63
8 4 63
5 6 63
3 7 63
7 6 63
9 6 63
4 9 63
6 4 63
7 4 63
9 1 63
6 1 63
9 2 63
7 2 63
6 2 64
9 6 64
4 2 64
7 2 64
6 4 64
8 4 64
5 3 64
8 2 64
7 1 64
9 4 64
6 1 64
9 2 64
9 7 64
8 1 64
4 1 64
2 1 64
7 6 64
8 6 64
7 4 64
8 7 64
9 1 64
4 8 64
3 4 64
3 5 64
2 8 64
6 8 64
4 9 64
5 9 64
3 9 64
1 6 64
4 5 64
2 5 64
2 9 64
3 7 64
7 9 64
1 7 64
3 6 64
1 8 64
3 8 64
1 4 64
5 8 64
1 2 64
1 5 64
9 8 64
4 6 64
1 3 64
1 9 64
5 7 64
8 9 64
4 7 64
2 3 64
6 7 64
2 6 64
2 4 64
5 6 64
2 7 64
6 9 64
7 8 64
9 6 65
8 4 65
9 2 65
2 1 65
6 4 65
4 1 65
9 4 65
7 4 65
5 3 65
8 6 65
8 7 65
7 2 65
4 2 65
9 7 65
7 6 65
6 2 65
9 1 65
8 2 65
8 1 65
6 1 65
9 8 65
4 6 65
3 7 65
6 7 65
2 5 65
2 7 65
2 4 65
7 9 65
2 6 65
1 9 65
5 9 65
1 5 65
6 9 65
3 6 65
2 8 65
3 8 65
7 1 65
2 3 65
1 6 65
3 4 65
4 5 65
1 4 65
5 8 65
4 9 65
4 7 65
1 3 65
3 5 65
5 7 65
2 9 65
6 8 65
1 7 65
8 9 65
1 2 65
5 6 65
7 8 65
3 9 65
4 8 65
1 8 65
6 1 66
9 4 66
9 7 66
4 5 66
6 4 66
4 2 66
8 6 66
8 7 66
4 1 66
7 4 66
6 8 66
8 4 66
4 6 66
9 6 66
7 2 66
9 1 66
9 2 66
5 3 66
8 2 66
8 1 66
2 4 66
5 9 66
7 1 66
2 1 66
6 2 66
7 8 66
9 8 66
5 7 66
7 6 66
4 7 66
6 7 66
1 3 66
2 8 66
3 5 66
2 9 66
1 9 66
2 7 66
2 5 66
6 9 66
3 7 66
4 8 66
1 4 66
5 8 66
1 6 66
4 9 66
2 3 66
8 9 66
7 9 66
3 8 66
2 6 66
1 7 66
3 6 66
1 2 66
3 4 66
1 5 66
1 8 66
5 6 66
3 9 66
8 9 67
5 6 67
1 9 67
2 5 67
3 5 67
4 8 67
2 8 67
3 7 67
2 3 67
3 9 67
1 4 67
2 9 67
1 7 67
1 3 67
4 5 67
6 8 67
4 6 67
2 4 67
3 4 67
5 7 67
3 6 67
4 7 67
2 6 67
7 9 67
1 8 67
6 7 67
4 9 67
1 6 67
5 8 67
2 7 67
1 5 67
5 9 67
7 8 67
6 9 67
3 8 67
1 2 67
5 3 67
8 2 67
4 1 67
8 1 67
7 4 67
9 6 67
8 4 67
8 6 67
6 4 67
4 2 67
6 2 67
9 7 67
9 4 67
6 1 67
7 2 67
7 6 67
2 1 67
7 1 67
9 1 67
9 8 67
9 2 67
8 7 67
8 7 68
8 2 68
7 2 68
9 7 68
7 6 68
6 2 68
4 7 68
5 7 68
8 1 68
9 6 68
6 4 68
7 1 68
2 1 68
5 3 68
8 6 68
1 9 68
6 1 68
2 3 68
9 1 68
4 8 68
2 4 68
4 9 68
5 9 68
1 4 68
8 9 68
2 9 68
7 4 68
3 9 68
1 6 68
9 2 68
4 1 68
9 4 68
4 2 68
8 4 68
9 8 68
1 3 68
3 5 68
3 4 68
3 8 68
5 6 68
1 8 68
6 9 68
4 6 68
1 7 68
1 2 68
6 8 68
2 6 68
6 7 68
5 8 68
7 9 68
3 6 68
2 7 68
2 8 68
7 8 68
1 5 68
3 7 68
2 5 68
4 5 68
7 8 69
1 3 69
4 5 69
5 6 69
2 3 69
1 9 69
2 7 69
1 8 69
1 2 69
2 5 69
3 6 69
7 9 69
1 7 69
2 9 69
5 9 69
8 9 69
3 7 69
4 6 69
3 9 69
3 5 69
2 8 69
6 9 69
1 5 69
3 8 69
4 7 69
1 6 69
5 7 69
4 9 69
2 4 69
4 8 69
6 8 69
6 7 69
2 6 69
5 8 69
3 4 69
1 4 69
6 4 69
5 3 69
9 2 69
7 2 69
2 1 69
8 1 69
6 2 69
7 1 69
7 6 69
9 8 69
9 1 69
9 7 69
8 6 69
8 4 69
8 2 69
9 6 69
7 4 69
6 1 69
9 4 69
4 2 69
8 7 69
4 1 69
3 5 70
5 6 70
5 7 70
7 8 70
4 8 70
1 7 70
2 3 70
3 4 70
1 4 70
1 9 70
6 8 70
4 7 70
6 9 70
8 9 70
2 9 70
2 7 70
2 4 70
7 9 70
3 7 70
3 6 70
4 5 70
6 7 70
2 6 70
2 5 70
2 8 70
4 9 70
1 2 70
1 6 70
1 5 70
3 8 70
4 6 70
5 9 70
3 9 70
1 3 70
5 8 70
1 8 70
7 1 70
8 6 70
7 4 70
4 2 70
9 7 70
7 6 70
6 2 70
2 1 70
6 1 70
8 1 70
6 4 70
9 4 70
7 2 70
8 2 70
9 8 70
5 3 70
8 7 70
8 4 70
9 6 70
4 1 70
9 2 70
9 1 70
7 6 71
8 6 71
8 4 71
4 2 71
5 3 71
8 2 71
7 1 71
6 4 71
6 1 71
6 2 71
9 7 71
7 2 71
4 1 71
7 4 71
9 1 71
2 1 71
8 7 71
8 1 71
9 6 71
9 2 71
9 4 71
9 8 71
3 9 71
2 4 71
3 8 71
1 5 71
8 9 71
2 6 71
4 6 71
6 7 71
4 9 71
6 8 71
5 7 71
1 6 71
2 8 71
5 8 71
3 5 71
7 9 71
4 8 71
2 7 71
1 7 71
4 7 71
1 4 71
2 9 71
1 3 71
6 9 71
3 6 71
4 5 71
1 8 71
3 4 71
3 7 71
7 8 71
2 5 71
5 9 71
2 3 71
1 2 71
5 6 71
1 9 71
9 8 72
6 1 72
7 2 72
9 6 72
8 1 72
8 4 72
5 3 72
9 2 72
4 2 72
8 2 72
3 5 72
9 4 72
7 6 72
6 4 72
7 1 72
9 1 72
7 4 72
6 2 72
9 7 72
2 1 72
8 7 72
8 6 72
4 8 72
2 9 72
2 4 72
4 9 72
4 1 72
3 8 72
1 6 72
1 8 72
1 3 72
6 8 72
3 9 72
5 6 72
7 8 72
2 3 72
4 6 72
1 2 72
7 9 72
2 6 72
1 5 72
4 7 72
1 9 72
1 7 72
5 9 72
1 4 72
3 4 72
6 9 72
4 5 72
2 7 72
3 6 72
3 7 72
2 8 72
6 7 72
5 7 72
5 8 72
2 5 72
8 9 72
2 6 73
6 7 73
2 3 73
4 9 73
6 8 73
3 6 73
2 5 73
5 7 73
1 2 73
6 9 73
2 8 73
1 3 73
3 4 73
1 9 73
1 5 73
1 4 73
2 9 73
5 9 73
4 5 73
1 6 73
1 8 73
7 9 73
5 8 73
3 7 73
9 6 73
9 1 73
8 2 73
8 1 73
2 1 73
8 6 73
9 4 73
7 6 73
6 2 73
4 1 73
6 1 73
7 1 73
9 8 73
7 4 73
8 7 73
5 3 73
8 4 73
4 2 73
6 4 73
1 7 73
9 7 73
9 2 73
7 2 73
4 7 73
8 9 73
3 9 73
7 8 73
3 5 73
4 8 73
2 4 73
4 6 73
2 7 73
5 6 73
3 8 73
2 4 74
4 8 74
3 9 74
2 3 74
8 9 74
1 7 74
4 9 74
1 5 74
9 7 74
6 2 74
2 1 74
2 9 74
5 8 74
7 8 74
8 1 74
4 6 74
3 7 74
1 3 74
1 9 74
1 8 74
4 5 74
1 2 74
2 6 74
5 9 74
2 5 74
3 6 74
3 8 74
9 1 74
7 1 74
4 2 74
5 7 74
6 7 74
3 4 74
6 8 74
2 7 74
2 8 74
3 5 74
4 7 74
1 6 74
6 9 74
1 4 74
4 1 74
6 4 74
9 6 74
7 4 74
5 3 74
8 2 74
7 2 74
8 6 74
7 6 74
8 7 74
9 4 74
5 6 74
9 8 74
9 2 74
8 4 74
6 1 74
7 9 74
1 2 75
9 6 75
2 4 75
2 7 75
7 9 75
1 8 75
3 8 75
1 7 75
9 4 75
3 7 75
3 6 75
2 9 75
3 5 75
1 6 75
7 8 75
4 5 75
2 8 75
3 4 75
8 9 75
1 5 75
4 9 75
6 9 75
4 7 75
5 9 75
6 8 75
5 8 75
5 6 75
5 7 75
4 8 75
4 6 75
6 7 75
2 5 75
1 3 75
2 3 75
1 4 75
3 9 75
2 6 75
1 9 75
7 4 75
7 6 75
4 1 75
9 8 75
9 1 75
4 2 75
7 2 75
9 7 75
6 4 75
8 1 75
8 2 75
9 2 75
5 3 75
6 1 75
2 1 75
8 7 75
6 2 75
7 1 75
8 4 75
8 6 75
1 7 76
3 9 76
2 3 76
2 4 76
4 6 76
6 9 76
3 5 76
8 2 76
9 8 76
8 7 76
8 4 76
1 4 76
7 6 76
2 1 76
6 1 76
7 2 76
9 2 76
9 7 76
9 4 76
7 1 76
7 4 76
8 1 76
2 8 76
9 1 76
2 6 76
1 3 76
6 8 76
3 8 76
4 9 76
1 5 76
7 9 76
5 9 76
4 5 76
2 9 76
2 7 76
1 6 76
1 2 76
1 9 76
6 7 76
4 8 76
8 6 76
8 9 76
2 5 76
4 7 76
3 7 76
5 6 76
3 6 76
1 8 76
5 7 76
3 4 76
5 8 76
7 8 76
6 2 76
4 1 76
4 2 76
6 4 76
9 6 76
5 3 76
3 8 77
4 9 77
5 8 77
4 7 77
1 7 77
7 1 77
7 4 77
9 4 77
2 1 77
6 1 77
8 2 77
4 2 77
5 3 77
9 8 77
6 2 77
6 4 77
8 7 77
7 6 77
9 1 77
9 7 77
4 1 77
8 4 77
9 2 77
1 2 77
7 2 77
1 3 77
1 6 77
6 9 77
3 9 77
2 3 77
1 5 77
5 9 77
1 8 77
3 4 77
4 5 77
2 7 77
2 9 77
4 8 77
1 4 77
5 7 77
7 9 77
6 8 77
1 9 77
6 7 77
7 8 77
4 6 77
2 6 77
8 9 77
3 5 77
2 5 77
2 4 77
5 6 77
3 7 77
2 8 77
3 6 77
8 1 77
8 6 77
9 6 77
6 4 78
6 7 78
1 2 78
3 9 78
2 9 78
1 4 78
3 8 78
1 5 78
3 7 78
4 5 78
7 8 78
3 6 78
6 9 78
8 9 78
4 6 78
1 9 78
1 6 78
5 7 78
2 4 78
2 3 78
2 5 78
5 6 78
1 8 78
1 7 78
2 6 78
2 7 78
2 8 78
3 5 78
4 9 78
4 7 78
9 1 78
6 1 78
4 2 78
8 1 78
7 1 78
6 8 78
3 4 78
1 3 78
6 2 78
7 2 78
8 6 78
7 4 78
4 8 78
5 8 78
7 9 78
5 9 78
8 2 78
9 8 78
8 7 78
9 4 78
8 4 78
4 1 78
9 2 78
2 1 78
7 6 78
9 6 78
5 3 78
9 7 78
4 6 79
2 4 79
1 2 79
1 3 79
2 6 79
2 8 79
5 7 79
1 9 79
1 5 79
1 6 79
4 8 79
8 9 79
4 7 79
1 4 79
6 9 79
3 4 79
6 7 79
5 6 79
5 8 79
9 1 79
8 2 79
4 5 79
7 8 79
2 3 79
3 5 79
3 7 79
7 6 79
7 9 79
6 8 79
3 8 79
5 9 79
1 8 79
2 9 79
4 9 79
1 7 79
2 7 79
6 1 79
8 4 79
7 1 79
2 5 79
6 4 79
9 6 79
4 1 79
7 4 79
9 8 79
6 2 79
2 1 79
4 2 79
8 7 79
5 3 79
9 7 79
7 2 79
8 6 79
8 1 79
9 2 79
9 4 79
3 6 79
3 9 79
2 5 80
8 2 80
3 7 80
4 9 80
5 7 80
5 6 80
3 4 80
2 6 80
1 9 80
6 9 80
4 8 80
2 9 80
3 5 80
7 9 80
2 7 80
6 8 80
4 7 80
1 5 80
1 4 80
6 7 80
8 7 80
1 2 80
5 8 80
2 4 80
5 9 80
3 8 80
3 9 80
8 9 80
2 3 80
3 6 80
1 8 80
1 6 80
1 3 80
4 6 80
1 7 80
2 8 80
7 8 80
4 5 80
9 8 80
5 3 80
9 2 80
8 4 80
7 4 80
9 6 80
6 2 80
9 4 80
9 1 80
4 1 80
7 6 80
7 1 80
6 4 80
6 1 80
8 1 80
9 7 80
7 2 80
2 1 80
8 6 80
4 2 80
2 1 81
8 6 81
2 4 81
8 1 81
9 2 81
9 8 81
6 1 81
8 4 81
7 1 81
7 6 81
7 2 81
9 4 81
8 2 81
9 7 81
7 4 81
2 8 81
4 9 81
2 6 81
3 5 81
4 6 81
4 5 81
1 3 81
4 7 81
1 2 81
2 3 81
3 9 81
6 9 81
7 8 81
1 9 81
1 4 81
5 7 81
2 5 81
6 2 81
6 8 81
1 8 81
3 4 81
2 7 81
1 5 81
6 7 81
3 8 81
1 7 81
3 7 81
4 8 81
1 6 81
5 9 81
8 9 81
2 9 81
6 4 81
5 6 81
7 9 81
5 3 81
3 6 81
5 8 81
9 6 81
4 2 81
4 1 81
9 1 81
8 7 81
6 2 82
6 4 82
8 1 82
4 2 82
5 8 82
9 6 82
8 2 82
2 5 82
7 9 82
2 4 82
9 7 82
8 6 82
7 2 82
9 1 82
1 8 82
7 1 82
9 4 82
8 7 82
9 2 82
9 8 82
5 3 82
2 1 82
8 4 82
7 6 82
7 4 82
6 1 82
4 6 82
4 1 82
2 8 82
2 7 82
1 7 82
2 6 82
2 3 82
7 8 82
2 9 82
1 4 82
1 3 82
1 5 82
6 9 82
4 7 82
6 7 82
4 8 82
4 9 82
1 2 82
3 4 82
1 6 82
5 6 82
5 7 82
1 9 82
8 9 82
6 8 82
4 5 82
5 9 82
3 8 82
3 7 82
3 5 82
3 9 82
9 4 83
9 8 83
7 2 83
7 6 83
9 7 83
8 2 83
6 1 83
8 4 83
7 1 83
9 2 83
9 6 83
8 7 83
6 4 83
6 2 83
5 3 83
8 1 83
9 1 83
7 4 83
2 1 83
8 6 83
4 2 83
4 1 83
2 7 83
2 8 83
4 8 83
5 9 83
1 6 83
2 4 83
7 9 83
6 7 83
1 5 83
8 9 83
4 9 83
1 4 83
7 8 83
6 9 83
1 7 83
4 6 83
3 5 83
3 8 83
1 8 83
1 9 83
5 8 83
4 7 83
1 2 83
6 8 83
2 5 83
5 7 83
1 3 83
4 5 83
2 6 83
2 9 83
9 4 84
6 2 84
9 8 84
9 7 84
2 1 84
7 1 84
9 2 84
8 4 84
7 4 84
9 6 84
6 1 84
8 6 84
7 2 84
8 1 84
4 1 84
4 2 84
8 7 84
7 6 84
8 2 84
4 5 84
3 8 84
2 6 84
7 8 84
2 4 84
1 4 84
1 8 84
1 3 84
1 5 84
2 7 84
6 8 84
1 6 84
6 9 84
1 9 84
4 7 84
2 9 84
1 7 84
2 8 84
2 5 84
1 2 84
6 7 84
4 9 84
5 9 84
8 9 84
5 8 84
7 9 84
4 8 84
9 1 84
6 4 84
4 6 84
3 5 84
5 3 84
8 9 85
6 7 85
4 8 85
2 7 85
2 9 85
1 4 85
4 7 85
7 8 85
1 2 85
3 8 85
1 6 85
1 7 85
1 8 85
1 9 85
7 9 85
4 6 85
6 9 85
5 8 85
2 4 85
2 6 85
2 8 85
6 8 85
3 5 85
4 9 85
1 5 85
5 3 85
7 4 85
6 2 85
4 2 85
9 6 85
6 4 85
9 7 85
9 1 85
7 1 85
9 4 85
6 1 85
2 1 85
8 7 85
4 1 85
9 2 85
7 2 85
8 4 85
7 6 85
9 8 85
8 2 85
8 6 85
8 1 85
5 8 86
5 3 86
1 9 86
9 6 86
8 6 86
8 7 86
8 4 86
8 2 86
9 4 86
9 2 86
2 8 86
7 2 86
6 4 86
6 2 86
4 2 86
9 1 86
8 1 86
7 1 86
6 1 86
9 8 86
7 6 86
9 7 86
4 1 86
4 8 86
7 8 86
2 4 86
2 6 86
4 6 86
7 9 86
2 7 86
2 9 86
4 9 86
1 8 86
1 7 86
7 4 86
1 6 86
6 7 86
1 5 86
1 4 86
1 2 86
6 8 86
6 9 86
3 5 86
4 7 86
8 9 86
2 1 86
6 7 87
9 2 87
8 4 87
2 1 87
1 9 87
4 6 87
9 4 87
2 4 87
1 8 87
7 9 87
1 7 87
7 4 87
1 4 87
3 5 87
4 7 87
4 9 87
4 8 87
2 9 87
1 2 87
2 7 87
5 3 87
7 6 87
9 7 87
7 1 87
6 1 87
9 8 87
8 7 87
9 6 87
8 2 87
8 6 87
6 2 87
4 1 87
6 8 87
2 8 87
6 9 87
7 8 87
8 9 87
1 6 87
8 1 87
9 1 87
2 6 87
7 2 87
6 4 87
4 2 87
6 8 88
2 8 88
6 4 88
4 9 88
7 8 88
2 9 88
2 4 88
2 6 88
4 8 88
9 8 88
2 7 88
4 6 88
8 9 88
1 9 88
1 6 88
3 5 88
4 7 88
1 2 88
6 7 88
1 4 88
1 8 88
1 7 88
6 9 88
7 6 88
9 1 88
6 1 88
5 3 88
7 4 88
2 1 88
7 9 88
4 1 88
7 2 88
7 1 88
8 1 88
6 2 88
4 2 88
9 2 88
8 7 88
9 4 88
9 6 88
8 2 88
8 6 88
9 7 88
8 4 88
8 9 89
6 7 89
1 8 89
2 9 89
1 9 89
2 4 89
6 8 89
7 9 89
2 8 89
4 7 89
7 4 89
1 4 89
9 4 89
5 3 89
6 2 89
6 4 89
7 2 89
8 4 89
2 1 89
7 1 89
4 1 89
6 1 89
9 1 89
7 6 89
8 1 89
1 6 89
9 2 89
8 2 89
4 2 89
8 6 89
9 7 89
8 7 89
9 6 89
9 8 89
1 7 89
4 8 89
1 2 89
2 7 89
4 6 89
2 6 89
3 5 89
4 9 89
7 8 89
6 9 89
8 4 90
2 8 90
9 2 90
6 8 90
1 9 90
6 7 90
4 7 90
3 5 90
2 9 90
2 7 90
2 4 90
4 6 90
4 9 90
7 2 90
1 7 90
7 9 90
5 3 90
9 8 90
7 6 90
7 4 90
2 1 90
6 2 90
9 6 90
8 2 90
8 6 90
9 7 90
9 1 90
8 7 90
4 8 90
6 9 90
4 2 90
6 4 90
9 4 90
7 1 90
1 2 90
7 8 90
8 9 90
2 6 90
4 8 91
3 5 91
4 6 91
8 9 91
2 4 91
2 6 91
2 8 91
2 9 91
6 8 91
7 9 91
4 9 91
6 9 91
7 8 91
1 9 91
6 7 91
2 7 91
8 7 91
4 7 91
8 6 91
9 2 91
8 2 91
9 1 91
6 2 91
4 2 91
9 8 91
7 6 91
5 3 91
8 4 91
7 4 91
7 2 91
9 7 91
9 4 91
9 6 91
6 4 91
2 8 92
2 7 92
2 9 92
7 8 92
4 7 92
4 6 92
7 9 92
4 9 92
6 8 92
6 7 92
3 5 92
4 8 92
2 4 92
6 9 92
2 6 92
4 2 92
9 8 92
8 4 92
5 3 92
7 6 92
8 9 92
8 6 92
9 7 92
9 6 92
9 4 92
7 4 92
8 7 92
9 2 92
7 2 92
8 2 92
6 2 92
6 4 92
2 4 93
2 6 93
6 8 93
2 9 93
2 7 93
6 7 93
2 8 93
4 6 93
8 9 93
7 9 93
4 9 93
6 9 93
9 6 93
4 7 93
7 4 93
8 4 93
7 6 93
9 8 93
6 4 93
8 2 93
9 4 93
7 2 93
4 2 93
9 2 93
8 6 93
6 2 93
9 7 93
4 8 93
5 3 93
3 5 93
3 5 94
6 8 94
4 8 94
2 9 94
2 4 94
7 9 94
2 7 94
6 9 94
4 9 94
8 9 94
6 7 94
4 6 94
4 7 94
9 6 94
7 2 94
7 4 94
6 4 94
7 6 94
8 2 94
6 2 94
5 3 94
8 6 94
8 4 94
9 2 94
4 2 94
9 7 94
9 8 94
2 8 94
9 4 94
2 6 94
8 6 95
4 2 95
7 2 95
9 4 95
7 6 95
8 4 95
5 3 95
8 2 95
6 2 95
6 4 95
9 6 95
7 4 95
6 8 95
9 7 95
9 8 95
9 2 95
8 9 95
2 9 95
7 9 95
4 6 95
6 9 95
2 8 95
3 5 95
4 8 95
6 7 95
4 9 95
2 7 95
2 4 95
2 6 95
4 7 95
4 2 96
8 4 96
9 6 96
7 2 96
9 7 96
6 2 96
8 6 96
8 2 96
5 3 96
7 6 96
9 8 96
9 4 96
6 4 96
6 8 96
8 9 96
7 9 96
6 7 96
2 8 96
2 6 96
4 9 96
2 4 96
2 7 96
6 9 96
4 8 96
4 6 96
2 9 96
9 2 96
3 5 96
2 8 97
4 6 97
7 9 97
7 6 97
6 2 97
9 2 97
8 6 97
9 6 97
8 4 97
4 2 97
9 4 97
7 2 97
8 2 97
5 3 97
9 7 97
6 4 97
6 9 97
6 7 97
2 6 97
2 9 97
6 8 97
3 5 97
4 8 97
2 4 97
4 9 97
2 7 97
2 7 98
2 9 98
7 2 98
9 4 98
8 6 98
9 2 98
8 2 98
4 2 98
9 7 98
6 2 98
9 6 98
8 4 98
6 4 98
5 3 98
7 6 98
4 9 98
6 8 98
2 8 98
4 8 98
6 7 98
3 5 98
4 6 98
6 9 98
7 9 98
2 4 98
2 6 98
3 5 99
2 7 99
6 9 99
6 7 99
4 6 99
4 9 99
2 8 99
7 9 99
2 4 99
9 2 99
6 2 99
9 4 99
8 2 99
9 7 99
8 4 99
4 2 99
5 3 99
7 2 99
9 6 99
7 6 99
6 4 99
4 8 99
2 9 99
2 6 99
9 4 100
2 9 100
6 9 100
2 8 100
2 4 100
7 9 100
9 7 100
7 6 100
8 2 100
3 5 100
6 2 100
9 2 100
5 3 100
7 2 100
6 4 100
9 6 100
2 6 100
2 7 100
4 2 100
6 7 100
4 9 100
4 6 100
7 9 101
4 6 101
5 3 101
7 6 101
9 6 101
9 4 101
2 7 101
6 4 101
9 7 101
4 2 101
7 2 101
6 2 101
2 9 101
2 4 101
6 9 101
3 5 101
6 7 101
2 6 101
4 9 101
9 2 101
6 2 102
9 4 102
9 2 102
9 6 102
7 6 102
6 4 102
5 3 102
4 2 102
7 2 102
9 7 102
7 9 102
2 7 102
2 4 102
2 6 102
4 6 102
6 7 102
6 9 102
2 9 102
4 9 102
3 5 102
7 2 103
9 2 103
7 6 103
6 2 103
9 6 103
9 7 103
9 4 103
6 4 103
2 6 103
6 7 103
2 4 103
4 6 103
6 9 103
4 2 103
2 7 103
4 9 103
7 9 103
2 9 103
3 5 103
5 3 103
6 2 104
6 4 104
6 7 104
6 9 104
4 9 104
2 7 104
2 4 104
3 5 104
7 9 104
9 2 104
2 6 104
9 7 104
5 3 104
4 2 104
7 2 104
9 4 104
9 6 104
7 6 104
4 6 104
2 9 104
4 9 105
2 4 105
2 6 105
6 9 105
3 5 105
2 9 105
7 9 105
4 6 105
6 7 105
7 2 105
2 7 105
9 6 105
6 2 105
9 4 105
4 2 105
9 2 105
9 7 105
6 4 105
5 3 105
7 6 105
3 5 106
9 4 106
5 3 106
7 9 106
2 9 106
2 7 106
6 7 106
2 6 106
4 6 106
6 9 106
2 4 106
9 7 106
9 2 106
7 2 106
7 6 106
6 2 106
6 4 106
4 2 106
9 6 106
4 9 106
6 9 107
2 9 107
2 7 107
2 6 107
6 7 107
2 4 107
7 9 107
3 5 107
4 9 107
9 4 107
7 6 107
9 7 107
4 2 107
6 4 107
6 2 107
9 6 107
7 2 107
9 2 107
4 6 107
5 3 107
2 4 108
7 9 108
6 2 108
4 2 108
9 7 108
7 2 108
9 2 108
9 4 108
5 3 108
6 4 108
9 6 108
7 6 108
2 6 108
2 7 108
2 9 108
4 9 108
3 5 108
4 6 108
6 9 108
6 7 108
6 9 109
7 6 109
6 4 109
4 2 109
9 6 109
9 4 109
2 7 109
7 2 109
6 2 109
9 2 109
2 6 109
9 7 109
4 9 109
2 9 109
3 5 109
7 9 109
6 7 109
4 6 109
2 4 109
5 3 109
9 4 110
7 2 110
5 3 110
9 7 110
4 6 110
2 4 110
6 7 110
6 2 110
3 5 110
7 9 110
6 9 110
2 6 110
4 9 110
7 6 110
4 2 110
6 4 110
9 6 110
9 2 110
2 7 110
2 9 110
9 7 111
6 2 111
5 3 111
9 6 111
9 2 111
9 4 111
7 2 111
7 6 111
6 7 111
4 6 111
4 2 111
2 4 111
7 9 111
4 9 111
2 6 111
3 5 111
6 9 111
2 7 111
2 9 111
6 4 111
7 9 112
6 2 112
9 2 112
9 7 112
7 6 112
7 2 112
6 4 112
4 2 112
3 5 112
2 7 112
6 7 112
2 9 112
2 6 112
2 4 112
6 9 112
4 6 112
9 6 112
5 3 112
4 6 113
6 7 113
2 9 113
7 9 113
3 5 113
2 7 113
2 6 113
6 9 113
6 4 113
9 7 113
9 2 113
7 6 113
7 2 113
9 6 113
6 2 113
5 3 113
3 5 114
6 2 114
9 6 114
7 2 114
7 6 114
5 3 114
9 4 114
9 7 114
9 2 114
6 4 114
2 9 114
7 9 114
4 9 114
4 6 114
2 7 114
6 9 114
2 6 114
6 7 114
5 3 115
6 9 115
2 6 115
4 6 115
7 9 115
4 9 115
2 9 115
3 5 115
9 4 115
9 6 115
6 2 115
6 4 115
9 2 115
6 7 115
7 6 115
9 7 115
2 9 116
9 4 116
6 2 116
9 7 116
9 2 116
9 6 116
7 6 116
5 3 116
6 4 116
3 5 116
6 7 116
6 9 116
4 6 116
2 6 116
4 9 116
7 9 116
5 3 117
4 9 117
4 6 117
2 6 117
7 9 117
6 7 117
6 9 117
3 5 117
7 6 117
9 4 117
6 4 117
6 2 117
9 6 117
2 9 117
9 2 117
9 7 117
6 7 118
5 3 118
9 4 118
9 6 118
7 6 118
6 4 118
6 2 118
9 7 118
9 2 118
7 9 118
2 6 118
4 6 118
6 9 118
4 9 118
3 5 118
2 9 118
6 7 119
9 4 119
4 9 119
3 5 119
2 9 119
6 9 119
4 6 119
7 9 119
5 3 119
9 2 119
9 6 119
6 4 119
9 7 119
7 6 119
6 4 120
5 3 120
7 9 120
7 6 120
9 2 120
3 5 120
9 7 120
6 9 120
6 7 120
4 6 120
9 6 120
2 9 120
2 9 121
4 6 121
3 5 121
7 9 121
6 9 121
9 2 121
7 6 121
9 7 121
6 4 121
5 3 121
6 7 121
9 6 121
4 6 122
7 9 122
6 7 122
6 9 122
3 5 122
6 4 122
9 2 122
9 7 122
5 3 122
2 9 122
9 6 122
7 6 122
6 9 123
9 7 123
9 6 123
6 4 123
9 2 123
5 3 123
7 6 123
3 5 123
2 9 123
4 6 123
7 9 123
6 7 123
6 7 124
5 3 124
9 7 124
9 2 124
9 6 124
6 4 124
4 6 124
3 5 124
7 9 124
7 6 124
6 9 124
2 9 124
3 5 125
6 7 125
9 2 125
9 7 125
6 4 125
7 6 125
5 3 125
9 6 125
4 6 125
7 9 125
2 9 125
6 9 125
6 7 126
7 6 126
7 9 126
6 4 126
9 6 126
5 3 126
9 2 126
2 9 126
3 5 126
6 9 126
4 6 126
9 7 126
7 6 127
6 4 127
6 9 127
7 9 127
2 9 127
6 7 127
4 6 127
9 6 127
9 2 127
3 5 127
9 7 127
5 3 127
2 9 128
6 9 128
6 7 128
7 9 128
4 6 128
3 5 128
6 4 128
9 7 128
5 3 128
9 2 128
9 6 128
7 6 128
7 9 129
9 6 129
5 3 129
9 2 129
7 6 129
9 7 129
6 9 129
3 5 129
2 9 129
6 7 129
4 6 129
6 4 129
2 9 130
4 6 130
6 7 130
6 9 130
3 5 130
7 9 130
9 7 130
9 6 130
7 6 130
5 3 130
9 2 130
6 4 130
5 3 131
7 9 131
7 6 131
9 2 131
9 7 131
9 6 131
6 4 131
3 5 131
6 7 131
2 9 131
6 9 131
4 6 131
6 7 132
9 2 132
3 5 132
9 6 132
9 7 132
6 4 132
5 3 132
2 9 132
4 6 132
7 9 132
6 9 132
7 6 132
9 2 133
5 3 133
9 7 133
6 4 133
6 9 133
2 9 133
3 5 133
7 9 133
6 7 133
4 6 133
9 6 133
7 6 133
5 3 134
9 2 134
6 4 134
7 6 134
9 6 134
9 4 134
3 5 134
2 9 134
4 6 134
4 9 134
7 9 134
6 9 134
6 7 134
9 7 134
6 7 135
6 9 135
9 4 135
2 9 135
5 3 135
9 7 135
6 4 135
9 6 135
7 6 135
7 9 135
3 5 135
4 9 135
9 2 135
4 6 135
9 4 136
7 6 136
4 9 136
6 9 136
3 5 136
9 7 136
9 2 136
5 3 136
9 6 136
6 7 136
2 9 136
7 9 136
4 6 136
6 4 136
9 6 137
4 6 137
7 4 137
6 4 137
9 7 137
7 6 137
5 3 137
9 4 137
4 7 137
6 9 137
4 9 137
9 2 137
6 7 137
2 9 137
3 5 137
7 9 137
4 7 138
3 5 138
2 9 138
4 6 138
6 7 138
5 3 138
4 9 138
7 9 138
7 6 138
9 7 138
9 4 138
9 6 138
7 4 138
9 2 138
6 9 138
6 4 138
4 6 139
4 9 139
6 7 139
2 9 139
3 5 139
7 9 139
9 6 139
7 4 139
9 4 139
7 6 139
6 4 139
9 2 139
5 3 139
9 7 139
4 7 139
6 9 139
6 9 140
6 7 140
3 5 140
4 6 140
7 9 140
2 9 140
9 6 140
4 7 140
9 4 140
5 3 140
7 6 140
7 4 140
9 7 140
4 9 140
9 2 140
6 4 140
2 9 141
6 9 141
4 7 141
4 9 141
7 9 141
5 3 141
3 5 141
6 7 141
4 6 141
7 6 141
9 2 141
9 6 141
6 4 141
7 4 141
9 4 141
9 7 141
6 7 142
4 6 142
4 7 142
9 2 142
7 6 142
7 4 142
5 3 142
9 7 142
7 9 142
9 4 142
9 6 142
6 4 142
3 5 142
2 9 142
6 9 142
4 9 142
6 4 143
7 4 143
7 6 143
9 6 143
9 2 143
3 5 143
7 9 143
6 9 143
4 7 143
4 6 143
9 7 143
5 3 143
4 9 143
6 7 143
2 9 143
9 4 143
4 7 144
2 9 144
7 9 144
4 9 144
6 7 144
6 9 144
4 6 144
6 4 144
9 2 144
3 5 144
9 6 144
7 6 144
9 4 144
7 4 144
5 3 144
9 7 144
5 3 145
9 4 145
9 2 145
7 6 145
3 5 145
2 9 145
4 9 145
6 7 145
4 6 145
7 9 145
4 7 145
6 9 145
9 7 145
7 4 145
6 4 145
9 6 145
7 4 146
6 9 146
2 9 146
4 6 146
4 9 146
3 5 146
6 7 146
4 7 146
9 6 146
9 2 146
6 4 146
9 7 146
9 4 146
5 3 146
7 9 146
7 6 146
6 9 147
9 7 147
6 4 147
9 6 147
9 4 147
7 4 147
9 2 147
5 3 147
3 5 147
7 9 147
4 6 147
6 7 147
4 7 147
4 9 147
7 6 147
2 9 147
6 9 148
7 6 148
7 4 148
5 3 148
9 7 148
9 2 148
4 6 148
6 7 148
4 7 148
3 5 148
6 4 148
7 9 148
2 9 148
4 9 148
9 4 148
9 6 148
9 6 149
6 7 149
4 9 149
5 3 149
6 9 149
3 5 149
4 7 149
4 6 149
6 4 149
7 9 149
7 4 149
9 7 149
9 4 149
7 6 149
4 7 150
4 9 150
3 5 150
6 7 150
7 9 150
6 9 150
4 6 150
6 4 150
9 7 150
7 6 150
5 3 150
9 4 150
7 4 150
9 6 150
7 6 151
4 7 151
4 9 151
5 3 151
4 6 151
3 5 151
6 7 151
6 9 151
7 9 151
9 6 151
6 4 151
9 7 151
9 4 151
7 4 151
6 4 152
4 7 152
7 9 152
3 5 152
4 9 152
6 9 152
4 6 152
6 7 152
7 4 152
9 7 152
5 3 152
9 4 152
7 6 152
9 6 152
7 4 153
6 7 153
4 7 153
6 9 153
7 9 153
4 6 153
3 5 153
4 9 153
7 6 153
9 4 153
5 3 153
6 4 153
9 6 153
9 7 153
3 5 154
4 7 154
4 9 154
4 6 154
6 7 154
7 9 154
6 9 154
5 3 154
7 4 154
9 4 154
6 4 154
7 6 154
9 7 154
9 6 154
6 7 155
4 7 155
4 9 155
7 9 155
3 5 155
6 9 155
9 6 155
4 6 155
7 4 155
5 3 155
9 7 155
9 4 155
7 6 155
6 4 155
4 6 156
4 7 156
4 9 156
6 9 156
3 5 156
6 7 156
7 9 156
9 7 156
9 4 156
7 6 156
5 3 156
9 6 156
7 4 156
6 4 156
7 9 157
6 9 157
3 5 157
5 3 157
7 6 157
6 4 157
9 7 157
4 6 157
9 6 157
6 7 157
9 6 158
5 3 158
4 6 158
6 7 158
6 9 158
9 7 158
7 9 158
6 4 158
7 6 158
3 5 158
6 9 159
3 5 159
4 6 159
7 9 159
6 7 159
9 7 159
6 4 159
5 3 159
9 6 159
7 6 159
6 4 160
5 3 160
9 6 160
9 7 160
7 9 160
6 7 160
3 5 160
4 6 160
6 9 160
7 6 160
7 6 161
6 9 161
7 9 161
4 6 161
3 5 161
5 3 161
6 4 161
6 7 161
9 6 161
9 7 161
7 6 162
7 9 162
9 6 162
9 7 162
5 3 162
3 5 162
6 9 162
6 7 162
9 6 163
7 9 163
5 3 163
7 6 163
9 7 163
6 9 163
6 7 163
3 5 163
7 6 164
5 3 164
9 7 164
3 5 164
6 7 164
7 9 164
6 9 164
9 6 164
9 7 165
7 6 165
5 3 165
6 9 165
3 5 165
7 9 165
6 7 165
9 6 165
6 7 166
7 9 166
6 9 166
9 6 166
9 7 166
5 3 166
7 6 166
3 5 166
7 6 167
5 3 167
9 7 167
6 9 167
6 7 167
3 5 167
7 9 167
9 6 167
7 9 168
6 9 168
6 7 168
3 5 168
5 3 168
7 6 168
9 6 168
9 7 168
3 5 169
6 7 169
6 9 169
9 6 169
9 7 169
7 6 169
5 3 169
7 9 169
9 7 170
7 6 170
5 3 170
9 6 170
7 9 170
6 7 170
3 5 170
6 9 170
3 5 171
6 7 171
5 3 171
7 9 171
7 6 171
6 9 171
9 7 171
9 6 171
7 6 172
9 6 172
9 7 172
7 9 172
6 9 172
6 7 172
3 5 172
5 3 172
5 3 173
9 7 173
6 7 173
7 9 173
6 9 173
3 5 173
9 6 173
7 6 173
3 5 174
9 7 174
7 6 174
9 6 174
5 3 174
7 9 174
6 7 174
6 9 174
7 9 175
3 5 175
5 3 175
9 7 175
9 6 175
7 6 175
6 7 175
6 9 175
3 5 176
6 9 176
7 9 176
7 6 176
5 3 176
9 7 176
9 6 176
6 7 176
9 6 177
5 3 177
7 6 177
9 7 177
3 5 177
6 9 177
7 9 177
6 7 177
9 7 178
7 6 178
5 3 178
6 9 178
9 6 178
3 5 178
7 9 178
6 7 178
9 6 179
3 5 179
6 7 179
7 9 179
6 9 179
9 7 179
7 6 179
5 3 179
6 2 180
6 9 180
9 7 180
6 7 180
7 6 180
2 6 180
3 5 180
7 9 180
5 3 180
9 6 180
7 6 181
5 3 181
9 7 181
6 2 181
2 6 181
7 9 181
6 7 181
6 9 181
9 6 181
3 5 181
3 5 182
6 9 182
7 9 182
6 7 182
7 6 182
5 3 182
9 6 182
6 2 182
2 6 182
9 7 182
7 9 183
2 7 183
6 9 183
6 7 183
3 5 183
2 6 183
7 6 183
9 6 183
6 2 183
5 3 183
7 2 183
9 7 183
6 7 184
6 9 184
9 6 184
7 2 184
2 7 184
6 2 184
9 7 184
2 6 184
3 5 184
7 9 184
5 3 184
7 6 184
7 2 185
5 3 185
7 6 185
6 9 185
9 7 185
2 6 185
6 7 185
3 5 185
2 7 185
7 9 185
6 2 185
9 6 185
5 3 186
2 6 186
9 6 186
9 7 186
7 9 186
3 5 186
6 7 186
6 9 186
7 6 186
6 2 186
7 6 187
6 2 187
6 9 187
2 6 187
7 9 187
6 7 187
9 7 187
9 6 187
9 6 188
9 7 188
6 2 188
2 6 188
6 7 188
7 6 188
7 9 188
6 9 188
7 6 189
2 6 189
7 9 189
6 7 189
9 7 189
6 2 189
6 9 189
9 6 189
9 6 190
6 9 190
2 6 190
9 7 190
6 2 190
7 9 190
9 6 191
6 2 191
7 9 191
2 6 191
6 9 191
9 7 191
6 2 192
9 6 192
9 7 192
7 9 192
6 9 192
2 6 192
2 6 193
9 6 193
6 9 193
6 2 193
2 6 194
9 6 194
6 2 194
6 9 194
2 6 195
6 9 195
9 6 195
6 2 195
9 6 196
6 2 196
2 6 196
6 9 196
6 2 197
6 9 197
2 6 197
9 6 197
2 6 198
6 2 198
9 6 198
6 9 198
6 2 199
9 6 199
6 9 199
2 6 199
6 2 200
9 6 200
6 9 200
2 6 200
2 6 201
6 9 201
6 2 201
9 6 201
6 9 202
2 6 202
6 2 202
9 6 202
2 6 203
6 2 203
6 9 203
9 6 203
9 6 204
2 6 204
6 9 204
6 2 204
9 6 205
6 2 205
6 9 205
2 6 205
6 9 206
9 6 206
9 6 207
6 9 207
9 6 208
6 9 208
6 9 209
9 6 209
6 9 210
9 6 210
9 6 211
6 9 211
9 6 212
6 9 212
9 6 213
6 9 213
6 9 214
9 6 214
6 9 215
9 6 215
6 9 216
9 6 216
6 9 217
9 6 217
6 9 218
9 6 218
6 9 219
9 6 219
9 6 220
6 9 220
6 9 221
9 6 221
6 9 222
9 6 222
6 9 223
9 6 223
9 6 224
6 9 224
9 6 225
6 9 225
6 9 226
9 6 226
6 9 227
9 6 227
9 2 275
2 9 275
9 2 276
2 9 276
2 9 277
9 2 277
9 2 278
2 9 278
9 2 279
2 9 279
2 9 280
9 2 280
2 9 281
9 2 281
2 9 282
9 2 282
9 2 283
2 9 283
2 9 284
9 2 284
9 2 285
2 9 285
2 9 286
9 2 286
9 2 287
2 9 287
9 2 288
2 9 288
9 2 289
2 9 289
2 9 290
9 2 290
9 2 291
2 9 291
9 2 292
2 9 292
9 2 293
2 9 293
2 9 294
9 2 294
9 2 295
2 9 295
2 9 296
9 2 296
9 2 297
2 9 297
2 9 298
9 2 298
2 9 299
9 2 299
2 9 300
9 2 300
9 2 301
2 9 301
2 9 302
9 2 302
2 9 303
9 2 303
2 9 304
9 2 304
2 9 305
9 2 305
9 2 306
2 9 306
9 2 307
2 9 307
2 9 308
9 2 308
9 2 309
2 9 309
9 2 310
2 9 310
2 9 311
9 2 311
9 2 312
2 9 312
9 2 313
2 9 313
2 9 314
9 2 314
2 9 315
9 2 315
9 2 316
2 9 316
2 9 317
9 2 317
9 2 318
2 9 318
2 9 319
9 2 319
2 9 320
9 2 320
9 2 321
2 9 321
2 9 322
9 2 322
2 9 323
9 2 323
9 2 324
2 9 324
2 9 325
9 2 325
9 2 326
2 9 326
9 2 327
2 9 327
9 2 328
2 9 328
9 2 329
2 9 329
9 2 330
2 9 330
2 9 331
9 2 331
9 2 332
2 9 332
9 2 333
2 9 333
9 2 334
2 9 334
9 2 335
2 9 335
2 9 336
9 2 336
9 2 337
2 9 337
9 2 338
2 9 338
9 2 339
2 9 339
2 9 340
9 2 340
9 2 341
2 9 341
9 2 342
2 9 342
9 2 343
2 9 343
9 2 344
2 9 344
5 9 527
5 9 528
5 9 529
5 9 530
5 9 531
5 9 532
5 9 533
5 9 534
5 9 535
5 9 536
5 9 537
4 7 589
7 4 589
7 4 590
4 7 590
7 4 591
4 7 591
7 4 592
4 7 592
4 7 593
7 4 593
4 7 594
7 4 594
7 4 595
4 7 595
4 7 596
7 4 596
4 7 597
7 4 597
4 7 598
7 4 598
7 4 599
4 7 599
7 4 600
4 7 600
7 4 601
4 7 601
7 4 602
4 7 602
7 4 603
4 7 603
7 4 604
4 7 604
7 4 605
4 7 605
7 4 606
4 7 606
4 7 607
7 4 607
7 4 608
4 7 608
7 4 609
4 7 609
7 4 610
4 7 610
7 4 611
4 7 611
7 4 612
4 7 612
4 7 613
7 4 613
7 4 614
4 7 614
4 7 615
7 4 615
4 7 616
7 4 616
4 7 617
7 4 617
4 7 618
7 4 618
7 4 619
4 7 619
4 7 620
7 4 620
7 4 621
4 7 621
7 4 622
4 7 622
7 4 623
4 7 623
7 4 624
4 7 624
7 4 625
4 7 625
7 4 626
4 7 626
7 4 627
4 7 627
7 4 628
4 7 628
7 4 629
4 7 629
7 4 630
4 7 630
4 7 631
7 4 631
4 7 659
7 4 659
7 4 660
4 7 660
7 4 661
4 7 661
7 4 662
4 7 662
4 7 663
7 4 663
4 7 664
7 4 664
7 4 665
4 7 665
4 7 666
7 4 666
4 7 667
7 4 667
4 7 668
7 4 668
4 7 669
7 4 669
7 4 670
4 7 670
7 4 671
4 7 671
7 4 672
4 7 672
4 7 673
7 4 673
7 4 674
4 7 674
4 7 675
7 4 675
4 7 676
7 4 676
4 7 677
7 4 677
7 4 678
4 7 678
4 7 679
7 4 679
7 4 680
4 7 680
7 4 681
4 7 681
7 4 682
4 7 682
7 4 683
4 7 683
4 7 684
7 4 684
7 4 685
4 7 685
4 7 686
7 4 686
9 8 692
8 9 692
8 9 693
9 8 693
8 9 694
9 8 694
8 9 695
9 8 695
9 8 696
8 9 696
9 8 697
8 9 697
9 8 698
8 9 698
9 8 699
8 9 699
9 8 700
8 9 700
8 9 701
9 8 701
9 8 702
8 9 702
8 9 703
9 8 703
9 8 704
8 9 704
9 8 705
8 9 705
8 9 706
9 8 706
8 9 707
9 8 707
8 9 708
9 8 708
8 9 709
9 8 709
8 9 710
9 8 710
8 9 711
9 8 711
9 8 712
8 9 712
7 4 743
4 7 743
7 4 744
4 7 744
4 7 745
7 4 745
7 4 746
4 7 746
4 7 747
7 4 747
4 7 748
7 4 748
4 7 749
7 4 749
4 7 750
7 4 750
7 4 751
4 7 751
4 7 752
7 4 752
7 4 753
4 7 753
4 7 754
7 4 754
7 4 755
4 7 755
7 4 756
4 7 756
7 4 757
4 7 757
7 4 758
4 7 758
7 4 759
4 7 759
4 7 760
7 4 760
4 7 761
7 4 761
7 4 762
4 7 762
4 7 763
7 4 763
7 4 764
4 7 764
7 4 765
4 7 765
7 4 766
4 7 766
4 7 767
7 4 767
7 4 768
4 7 768
7 4 769
4 7 769
4 7 770
7 4 770
4 7 771
7 4 771
4 7 772
7 4 772
4 7 773
7 4 773
4 7 774
7 4 774
7 4 775
4 7 775
7 4 776
4 7 776
7 4 777
4 7 777
7 4 778
4 7 778
7 4 779
4 7 779
7 4 780
4 7 780
4 7 781
7 4 781
4 7 782
7 4 782
7 4 783
4 7 783
4 7 784
7 4 784
4 7 785
7 4 785
7 4 786
4 7 786
4 7 787
7 4 787
4 7 788
7 4 788
4 7 789
7 4 789
4 7 790
7 4 790
4 7 791
7 4 791
7 4 792
4 7 792
4 7 793
7 4 793
4 7 794
7 4 794
7 4 795
4 7 795
4 7 796
7 4 796
4 7 797
7 4 797
4 7 798
7 4 798
7 4 799
4 7 799
7 4 800
4 7 800
7 4 801
4 7 801
7 4 802
4 7 802
7 4 803
4 7 803
7 4 804
4 7 804
7 4 805
4 7 805
7 4 806
4 7 806
4 7 807
7 4 807
7 4 808
4 7 808
7 4 809
4 7 809
4 7 810
7 4 810
4 7 811
7 4 811
4 7 812
7 4 812
4 7 813
7 4 813
4 7 814
7 4 814
4 7 815
7 4 815
7 4 816
4 7 816
4 7 817
7 4 817
7 4 818
4 7 818
7 4 819
4 7 819
4 7 820
7 4 820
4 7 821
7 4 821
7 4 822
4 7 822
4 7 823
7 4 823
4 7 824
7 4 824
4 7 825
7 4 825
4 7 826
7 4 826
4 7 827
7 4 827
7 4 828
4 7 828
7 4 829
4 7 829
7 4 830
4 7 830
7 4 831
4 7 831
4 7 832
7 4 832
4 7 833
7 4 833
4 7 834
7 4 834
4 7 835
7 4 835
4 6 852
6 4 852
6 4 853
7 4 853
4 7 853
4 6 853
4 6 854
6 4 854
4 7 854
7 4 854
6 4 855
4 7 855
7 4 855
4 6 855
4 6 856
4 7 856
6 4 856
7 4 856
4 6 857
4 7 857
7 4 857
6 4 857
4 6 858
4 7 858
7 4 858
6 4 858
4 6 859
7 4 859
6 4 859
4 7 859
7 4 860
6 4 860
4 7 860
4 6 860
4 6 861
6 4 861
6 4 862
4 6 862
6 4 863
4 6 863
1 3 864
6 4 864
4 6 864
4 6 865
1 3 865
6 4 865
1 3 866
4 6 866
6 4 866
4 6 867
1 3 867
6 4 867
1 3 868
6 4 868
4 6 868
6 4 869
4 6 869
1 3 869
1 3 870
4 6 870
6 4 870
6 4 871
1 3 871
4 6 871
6 4 872
4 6 872
1 3 872
1 3 873
6 4 873
4 6 873
1 3 874
1 3 875
1 3 876
1 3 877
2 5 887
2 5 888
2 5 889
2 5 890
2 5 891
2 5 892
2 5 893
2 5 894
2 5 895
2 5 896
2 5 897
2 5 898
2 5 899
3 4 899
2 5 900
3 4 900
3 4 901
2 5 901
2 5 902
3 4 902
2 5 903
3 4 903
3 4 904
3 4 905
3 4 906
3 4 907
3 4 908
3 4 909
3 4 910
3 4 911
3 4 912
3 4 913
3 4 914
3 4 915
3 4 916
3 4 917
3 4 918
3 4 919
3 4 920
3 4 921
3 4 922
3 4 923
3 4 924
3 4 925
3 4 926
3 4 927
3 4 928
3 4 929
3 4 930
3 4 931
3 4 932
3 4 933
3 4 934
5 7 938
5 7 939
5 7 940
5 7 941
5 7 942
5 7 943
5 7 944
5 7 945
5 7 946
5 7 947
7 6 972
6 7 972
4 5 1056
4 5 1057
4 5 1058
4 5 1059
4 5 1060
4 5 1061
4 5 1062
4 5 1063
4 5 1064
4 5 1065
4 5 1066
4 5 1067
4 5 1068
4 5 1069
4 5 1070
4 5 1071
4 5 1072
6 7 1072
7 6 1072
6 7 1073
4 5 1073
7 6 1073
7 6 1074
6 7 1074
4 5 1074
4 5 1075
6 7 1075
7 6 1075
4 5 1076
6 7 1076
7 6 1076
7 6 1077
6 7 1077
4 5 1077
4 5 1078
7 6 1078
6 7 1078
4 5 1079
6 7 1079
7 6 1079
4 5 1080
7 6 1080
6 7 1080
7 6 1081
6 7 1081
4 5 1081
4 5 1082
6 7 1082
7 6 1082
6 7 1083
4 5 1083
7 6 1083
6 7 1084
4 5 1084
7 6 1084
7 6 1085
4 5 1085
6 7 1085
4 5 1086
6 7 1086
7 6 1086
6 7 1087
7 6 1087
4 5 1087
6 7 1088
7 6 1088
4 5 1088
6 7 1089
4 5 1089
7 6 1089
6 7 1090
7 6 1090
4 5 1090
4 5 1091
6 7 1091
7 6 1091
7 6 1092
6 7 1092
4 5 1092
4 5 1093
6 7 1093
7 6 1093
6 7 1094
4 5 1094
7 6 1094
6 7 1095
4 5 1095
7 6 1095
4 5 1096
7 6 1096
6 7 1096
4 5 1097
6 7 1097
7 6 1097
4 5 1098
7 6 1098
6 7 1098
4 5 1099
7 6 1099
6 7 1099
7 6 1100
4 5 1100
6 7 1100
7 6 1101
6 7 1101
4 5 1101
7 6 1102
6 7 1102
4 5 1102
7 6 1103
4 5 1103
6 7 1103
4 5 1104
6 7 1104
7 6 1104
6 7 1105
7 6 1105
4 5 1105
7 6 1106
6 7 1106
5 8 1120
5 8 1121
5 8 1122
5 8 1123
5 8 1124
5 8 1125
5 8 1126
5 8 1127
5 8 1128
5 8 1129
5 8 1130
5 8 1131
5 8 1132
5 8 1133
5 8 1134
5 8 1135
5 8 1136
5 8 1137
5 8 1138
5 8 1139
5 8 1140
5 8 1141
5 8 1142
5 8 1143
5 8 1144
5 8 1145
5 8 1146
5 8 1147
5 8 1148
5 8 1149
5 8 1150
2 5 1153
2 5 1154
2 5 1155
2 5 1156
2 5 1157
2 5 1158
2 5 1159
2 5 1160
2 5 1161
2 5 1162
2 5 1163
2 5 1164
2 5 1165
2 5 1166
2 5 1167
2 5 1168
2 5 1169
2 5 1170
2 5 1171
2 5 1172
7 6 1184
6 7 1184
6 7 1185
7 6 1185
6 7 1186
7 6 1186
6 7 1187
7 6 1187
7 6 1188
6 7 1188
7 6 1189
6 7 1189
9 7 1190
7 6 1190
6 7 1190
7 9 1190
7 6 1191
9 7 1191
7 9 1191
6 7 1191
7 6 1192
6 7 1192
9 7 1192
7 9 1192
7 9 1193
6 7 1193
7 6 1193
9 7 1193
7 9 1194
6 7 1194
7 6 1194
9 7 1194
7 6 1195
6 7 1195
7 9 1195
9 7 1195
6 7 1196
6 9 1196
7 9 1196
9 6 1196
9 7 1196
7 6 1196
9 7 1197
9 6 1197
7 6 1197
6 7 1197
7 9 1197
6 9 1197
7 6 1198
6 7 1198
7 9 1198
6 9 1198
9 7 1198
9 6 1198
6 7 1199
9 7 1199
9 6 1199
7 6 1199
6 9 1199
7 9 1199
6 7 1200
6 9 1200
7 9 1200
7 6 1200
9 6 1200
9 7 1200
7 6 1201
9 6 1201
9 7 1201
7 9 1201
6 7 1201
6 9 1201
7 6 1202
9 6 1202
9 7 1202
6 9 1202
7 9 1202
6 7 1202
6 7 1203
7 9 1203
7 6 1203
9 7 1203
9 6 1203
6 9 1203
9 6 1204
7 6 1204
9 7 1204
6 7 1204
6 9 1204
7 9 1204
9 7 1205
6 7 1205
6 9 1205
7 6 1205
7 9 1205
9 6 1205
6 9 1206
6 7 1206
7 6 1206
9 7 1206
9 6 1206
7 9 1206
7 9 1207
6 9 1207
6 7 1207
9 7 1207
7 6 1207
9 6 1207
6 7 1208
6 9 1208
7 9 1208
9 6 1208
7 6 1208
9 7 1208
7 6 1209
2 8 1209
6 9 1209
6 7 1209
9 7 1209
7 9 1209
8 2 1209
9 6 1209
9 6 1210
8 2 1210
9 7 1210
6 7 1210
7 9 1210
2 8 1210
6 9 1210
7 6 1210
2 8 1211
9 7 1211
8 2 1211
6 9 1211
7 9 1211
9 6 1211
7 9 1212
8 2 1212
9 6 1212
2 8 1212
9 7 1212
6 9 1212
6 9 1213
2 8 1213
7 9 1213
9 7 1213
9 6 1213
8 2 1213
6 9 1214
9 6 1214
9 7 1214
7 9 1214
8 2 1214
2 8 1214
2 8 1215
7 9 1215
9 6 1215
8 2 1215
9 7 1215
6 9 1215
7 9 1216
2 8 1216
6 9 1216
9 7 1216
8 2 1216
9 6 1216
9 7 1217
9 6 1217
8 2 1217
2 8 1217
5 7 1217
7 9 1217
6 9 1217
8 2 1218
9 6 1218
5 7 1218
6 9 1218
2 8 1218
9 6 1219
6 9 1219
8 2 1219
5 7 1219
2 8 1219
9 6 1220
8 2 1220
2 8 1220
5 7 1220
6 9 1220
9 6 1221
8 2 1221
6 9 1221
5 7 1221
2 8 1221
8 2 1222
2 8 1222
5 7 1222
8 2 1223
5 9 1223
5 7 1223
2 8 1223
5 7 1224
5 9 1224
2 8 1224
8 2 1224
8 2 1225
5 7 1225
5 9 1225
2 8 1225
5 7 1226
5 9 1226
8 2 1226
2 8 1226
8 2 1227
5 9 1227
2 8 1227
8 2 1228
5 9 1228
2 8 1228
8 2 1229
2 8 1229
5 9 1229
8 2 1230
2 8 1230
5 9 1230
8 2 1231
2 8 1231
5 9 1231
5 9 1232
2 8 1232
8 2 1232
2 8 1233
5 9 1233
8 2 1233
2 8 1234
5 9 1234
8 2 1234
2 8 1235
5 9 1235
8 2 1235
2 8 1236
8 2 1236
5 9 1236
8 2 1237
5 9 1237
2 8 1237
5 9 1238
2 8 1238
8 2 1238
8 2 1239
5 9 1239
2 8 1239
8 2 1240
5 9 1240
2 8 1240
8 2 1241
2 8 1241
5 9 1241
2 8 1242
5 9 1242
8 2 1242
2 8 1243
5 9 1243
8 2 1243
2 8 1244
5 9 1244
8 2 1244
5 9 1245
2 8 1245
8 2 1245
8 2 1246
2 8 1246
5 9 1246
8 2 1247
2 8 1247
5 9 1247
8 2 1248
5 9 1248
2 8 1248
8 2 1249
5 9 1249
2 8 1249
8 2 1250
2 8 1250
5 9 1250
8 2 1251
2 8 1251
5 9 1251
5 9 1252
2 8 1252
8 2 1252
8 2 1253
5 9 1253
2 8 1253
8 2 1254
5 9 1254
2 8 1254
5 9 1255
2 8 1255
8 2 1255
5 9 1256
5 9 1257
5 9 1258
5 9 1259
5 9 1260
5 9 1261
5 9 1262
5 9 1263
5 9 1264
5 9 1265
5 9 1266
5 6 1267
5 9 1267
5 9 1268
5 6 1268
5 6 1269
5 9 1269
5 9 1270
5 6 1270
5 9 1271
5 6 1271
5 6 1272
5 9 1272
5 9 1273
5 6 1273
5 9 1274
5 6 1274
5 9 1275
5 6 1275
5 9 1276
5 6 1276
5 9 1277
5 6 1277
9 6 1278
6 9 1278
5 9 1278
5 6 1278
5 9 1279
9 6 1279
5 6 1279
6 9 1279
6 9 1280
9 6 1280
5 9 1280
5 6 1280
9 6 1281
5 9 1281
5 6 1281
6 9 1281
9 6 1282
6 9 1282
5 6 1282
5 9 1282
6 9 1283
9 6 1283
5 6 1283
5 9 1283
9 6 1284
5 6 1284
5 9 1284
6 9 1284
9 6 1285
5 6 1285
5 9 1285
6 9 1285
5 9 1286
6 9 1286
5 6 1286
9 6 1286
6 9 1287
9 6 1287
9 6 1288
6 9 1288
6 9 1289
9 6 1289
9 6 1290
6 9 1290
9 6 1291
6 9 1291
6 9 1292
9 6 1292
6 9 1293
9 6 1293
6 9 1294
9 6 1294
6 9 1295
9 6 1295
6 9 1296
9 6 1296
6 9 1297
9 6 1297
6 9 1298
9 6 1298
9 6 1299
6 9 1299
6 9 1300
9 6 1300
9 6 1301
6 9 1301
9 6 1302
6 9 1302
6 9 1303
9 6 1303
6 9 1304
9 6 1304
4 5 1305
9 6 1305
6 9 1305
4 5 1306
9 6 1306
6 9 1306
9 6 1307
6 9 1307
4 5 1307
6 9 1308
4 5 1308
9 6 1308
4 5 1309
6 9 1309
9 6 1309
6 9 1310
9 6 1310
4 5 1310
4 5 1311
6 9 1311
9 6 1311
9 6 1312
4 5 1312
6 9 1312
9 6 1313
4 5 1313
6 9 1313
6 9 1314
4 5 1314
9 6 1314
6 9 1315
4 5 1315
9 6 1315
4 5 1316
6 9 1316
9 6 1316
4 5 1317
6 9 1317
9 6 1317
4 5 1318
9 6 1318
6 9 1318
4 5 1319
9 6 1319
6 9 1319
9 6 1320
6 9 1320
4 5 1320
4 5 1321
4 5 1322
4 5 1323
4 5 1324
4 5 1325
4 5 1326
4 5 1327
4 5 1328
4 5 1329
4 5 1330
4 5 1331
4 5 1332
4 5 1333
4 5 1334
4 5 1335
4 5 1336
4 5 1337
4 5 1338
4 5 1339
4 5 1340
4 5 1341
4 5 1342
4 5 1343
4 5 1344
2 6 1359
6 2 1359
2 6 1360
6 2 1360
6 2 1361
2 6 1361
2 6 1362
6 2 1362
2 6 1363
6 2 1363
6 2 1364
2 6 1364
2 6 1365
6 2 1365
2 6 1366
6 2 1366
6 2 1367
2 6 1367
6 2 1368
4 5 1368
2 6 1368
6 2 1369
2 6 1369
4 5 1369
4 5 1370
6 2 1370
2 6 1370
2 6 1371
6 2 1371
4 5 1371
6 2 1372
4 5 1372
2 6 1372
6 2 1373
4 5 1373
2 6 1373
2 6 1374
4 5 1374
6 2 1374
2 6 1375
4 5 1375
6 2 1375
6 2 1376
2 6 1376
4 5 1376
6 2 1377
2 6 1377
4 5 1377
2 6 1378
4 5 1378
6 2 1378
4 5 1379
2 6 1379
6 2 1379
2 6 1380
4 5 1380
6 2 1380
2 6 1381
4 5 1381
6 2 1381
2 6 1382
4 5 1382
6 2 1382
4 5 1383
2 6 1383
6 2 1383
6 2 1384
4 5 1384
2 6 1384
6 2 1385
4 5 1385
2 6 1385
6 2 1386
2 6 1386
4 5 1386
6 2 1387
2 6 1387
4 5 1387
2 6 1388
6 2 1388
4 5 1388
2 6 1389
4 5 1389
6 2 1389
2 6 1390
4 5 1390
6 2 1390
2 6 1391
6 2 1391
4 5 1391
2 6 1392
4 5 1392
6 2 1392
2 6 1393
4 5 1393
6 2 1393
6 2 1394
4 5 1394
2 6 1394
2 6 1395
4 5 1395
6 2 1395
2 6 1396
6 2 1396
6 2 1397
2 6 1397
2 6 1398
6 2 1398
2 6 1399
6 2 1399
2 6 1400
6 2 1400
2 6 1401
6 2 1401
6 2 1402
2 6 1402
6 2 1403
2 6 1403
6 2 1404
2 6 1404
2 6 1405
6 2 1405
2 6 1406
6 2 1406
6 2 1407
2 6 1407
2 6 1408
6 2 1408
2 6 1409
6 2 1409
2 6 1410
6 2 1410
2 6 1411
6 2 1411
6 2 1412
2 6 1412
2 6 1413
6 2 1413
5 9 1471
5 9 1472
5 9 1473
5 9 1474
5 9 1475
5 9 1476
5 9 1477
5 9 1478
5 9 1479
5 9 1480
5 9 1481
5 9 1482
5 9 1483
5 9 1484
5 9 1485
5 9 1486
5 9 1487
5 9 1488
5 9 1489
5 9 1490
5 9 1491
5 9 1492
5 9 1493
5 9 1494
8 7 1516
7 8 1516
7 8 1517
8 7 1517
8 7 1518
7 8 1518
7 8 1519
8 7 1519
7 8 1520
8 7 1520
8 7 1521
7 8 1521
8 7 1522
7 8 1522
7 8 1523
8 7 1523
8 7 1524
7 8 1524
8 7 1525
7 8 1525
8 7 1526
7 8 1526
7 8 1527
8 7 1527
7 8 1528
8 7 1528
8 7 1529
7 8 1529
8 7 1530
7 8 1530
7 8 1531
8 7 1531
7 8 1532
8 7 1532
7 8 1533
8 7 1533
7 8 1534
8 7 1534
8 7 1535
7 8 1535
8 7 1536
7 8 1536
7 8 1537
8 7 1537
7 8 1538
8 7 1538
7 8 1539
8 7 1539
7 8 1540
8 7 1540
7 8 1541
8 7 1541
8 7 1542
7 8 1542
8 7 1543
7 8 1543
7 8 1544
8 7 1544
8 7 1545
7 8 1545
7 8 1546
8 7 1546
7 8 1547
8 7 1547
3 4 1603
3 4 1604
3 4 1605
3 4 1606
3 4 1607
3 4 1608
3 4 1609
3 4 1610
3 4 1611
3 4 1612
3 4 1613
3 4 1614
3 4 1615
3 4 1616
3 4 1617
3 4 1618
3 4 1619
3 4 1620
3 4 1621
3 4 1622
3 4 1623
3 4 1624
3 4 1625
3 4 1626
3 4 1627
3 4 1628
3 4 1629
3 4 1630
3 4 1631
5 8 1632
3 4 1632
3 4 1633
5 8 1633
3 4 1634
5 8 1634
5 8 1635
3 4 1635
3 4 1636
3 4 1637
3 4 1638
3 4 1639
3 4 1640
3 4 1641
1 7 1658
7 1 1658
1 7 1659
7 1 1659
7 1 1660
1 7 1660
1 7 1661
7 1 1661
7 1 1662
1 7 1662
1 7 1663
7 1 1663
1 7 1664
7 1 1664
5 7 1664
7 1 1665
1 7 1665
5 7 1665
5 7 1666
5 7 1667
5 7 1668
5 7 1669
5 7 1670
5 7 1671
5 7 1672
5 7 1673
5 7 1674
5 7 1675
5 7 1676
5 7 1677
5 7 1678
5 7 1679
5 7 1680
5 7 1681
5 7 1682
5 7 1683
5 7 1684
5 7 1685
5 7 1686
5 7 1687
5 7 1688
5 7 1689
1 7 1703
7 1 1703
7 1 1704
1 7 1704
1 5 1705
1 7 1705
7 1 1705
1 7 1706
7 1 1706
1 5 1706
7 1 1707
1 7 1707
1 5 1707
7 1 1708
1 7 1708
1 5 1708
5 7 1709
1 5 1709
7 1 1709
1 7 1709
1 7 1710
1 5 1710
5 7 1710
7 1 1710
1 7 1711
1 5 1711
5 7 1711
7 1 1711
1 5 1712
7 1 1712
1 7 1712
5 7 1712
5 7 1713
1 5 1713
7 1 1713
1 7 1713
5 7 1714
1 5 1714
1 7 1714
7 1 1714
1 7 1715
7 1 1715
5 7 1715
1 5 1715
1 5 1716
5 7 1716
1 7 1716
7 1 1716
5 7 1717
7 1 1717
1 5 1717
1 7 1717
7 1 1718
5 7 1718
1 5 1718
1 7 1718
7 1 1719
1 7 1719
1 5 1719
5 7 1719
5 7 1720
1 5 1720
1 7 1720
7 1 1720
1 5 1721
1 7 1721
5 7 1721
7 1 1721
7 1 1722
1 7 1722
1 5 1722
5 7 1722
7 1 1723
5 7 1723
1 5 1723
1 7 1723
7 1 1724
5 7 1724
1 7 1724
1 5 1724
7 1 1725
1 5 1725
1 7 1725
5 7 1725
7 1 1726
5 7 1726
1 7 1726
1 5 1726
7 1 1727
1 7 1727
5 7 1727
7 1 1728
5 7 1728
1 7 1728
7 1 1729
5 7 1729
1 7 1729
1 7 1730
7 1 1730
5 7 1730
5 7 1731
5 7 1732
5 7 1733
5 7 1734
5 7 1735
5 7 1736
5 7 1737
7 1 1738
5 7 1738
1 7 1738
7 1 1739
5 7 1739
1 7 1739
1 5 1739
5 7 1740
1 5 1740
1 7 1740
7 1 1740
1 5 1741
5 7 1741
7 1 1741
1 7 1741
7 1 1742
1 7 1742
1 5 1742
5 7 1742
1 7 1743
1 5 1743
5 7 1743
7 1 1743
5 7 1744
7 1 1744
1 5 1744
1 7 1744
7 1 1745
1 5 1745
1 7 1745
5 7 1745
1 5 1746
1 7 1746
5 7 1746
7 1 1746
7 1 1747
1 7 1747
1 5 1747
7 1 1748
1 7 1748
7 1 1749
1 7 1749
1 7 1750
7 1 1750
1 7 1751
7 1 1751
7 1 1752
1 7 1752
7 1 1753
1 7 1753
7 1 1754
1 7 1754
1 7 1755
7 1 1755
1 7 1756
7 1 1756
7 1 1757
1 7 1757
7 1 1758
1 7 1758
7 1 1759
1 7 1759
7 1 1760
1 7 1760
1 7 1761
7 1 1761
1 7 1762
7 1 1762
7 1 1763
1 7 1763
5 8 1764
1 7 1764
7 1 1764
7 1 1765
5 8 1765
1 7 1765
5 8 1766
5 8 1767
5 8 1768
5 8 1769
5 8 1770
5 8 1771
5 8 1772
5 8 1773
5 8 1774
5 8 1775
5 8 1776
5 8 1777
5 8 1778
5 8 1779
5 8 1780
5 8 1781
5 8 1782
5 8 1783
5 8 1784
5 8 1785
