5 6 0
6 5 0
2 6 1
2 5 1
7 9 1
5 6 1
4 5 1
5 4 1
6 5 1
9 7 1
5 2 1
6 2 1
6 5 2
9 7 2
8 4 2
5 2 2
6 2 2
5 6 2
4 8 2
2 6 2
2 5 2
7 9 2
8 4 3
6 2 3
6 5 3
5 2 3
9 7 3
1 7 3
4 8 3
2 6 3
5 6 3
2 5 3
1 9 3
7 9 3
2 6 4
7 9 4
2 5 4
1 9 4
1 7 4
5 6 4
4 8 4
6 2 4
9 7 4
5 2 4
6 5 4
8 4 4
3 4 5
8 4 5
5 2 5
6 5 5
3 2 5
6 2 5
4 3 5
5 3 5
6 3 5
4 8 5
1 7 5
2 5 5
5 6 5
7 9 5
2 3 5
1 9 5
3 6 5
3 5 5
9 7 5
2 6 5
4 3 6
5 2 6
8 4 6
6 3 6
6 5 6
5 3 6
6 2 6
3 2 6
9 7 6
7 9 6
3 4 6
3 5 6
5 6 6
3 6 6
2 3 6
1 9 6
4 8 6
2 5 6
1 7 6
2 6 6
1 7 7
1 9 7
2 3 7
2 6 7
7 9 7
3 4 7
4 8 7
2 5 7
3 5 7
5 6 7
3 6 7
6 5 7
5 2 7
8 4 7
4 3 7
6 3 7
9 7 7
3 2 7
5 3 7
6 2 7
5 6 8
3 6 8
8 4 8
1 9 8
6 3 8
7 9 8
6 5 8
3 2 8
5 3 8
5 2 8
1 7 8
6 2 8
3 5 8
2 5 8
2 6 8
4 8 8
9 7 8
2 3 8
4 6 9
1 9 9
2 3 9
3 6 9
6 4 9
1 7 9
9 7 9
5 2 9
5 3 9
6 5 9
8 4 9
6 2 9
6 3 9
3 2 9
4 8 9
2 6 9
5 6 9
3 5 9
7 9 9
2 5 9
5 6 10
3 5 10
2 6 10
2 5 10
3 6 10
9 7 10
8 4 10
6 4 10
3 2 10
5 2 10
6 2 10
5 3 10
6 5 10
6 3 10
1 9 10
1 7 10
2 3 10
4 6 10
4 8 10
7 9 10
2 6 11
2 5 11
1 7 11
7 9 11
1 9 11
3 6 11
2 3 11
3 5 11
4 8 11
5 3 11
9 7 11
5 2 11
6 2 11
6 5 11
5 6 11
6 4 11
6 3 11
3 2 11
8 4 11
4 6 11
1 9 12
4 8 12
6 2 12
6 3 12
5 3 12
6 4 12
5 2 12
8 4 12
3 2 12
3 5 12
4 6 12
2 5 12
1 7 12
7 9 12
5 6 12
2 6 12
6 5 12
2 3 12
3 6 12
9 7 12
3 6 13
4 6 13
5 6 13
3 5 13
2 5 13
2 3 13
3 4 13
1 9 13
1 7 13
5 2 13
7 9 13
4 8 13
6 3 13
3 2 13
8 4 13
6 5 13
6 4 13
9 7 13
4 3 13
5 3 13
8 4 14
4 8 14
1 9 14
5 6 14
3 4 14
3 6 14
7 9 14
4 6 14
2 5 14
2 3 14
1 7 14
6 4 14
5 2 14
5 3 14
9 7 14
6 3 14
4 3 14
6 5 14
3 5 14
3 2 14
3 6 15
7 9 15
3 4 15
4 6 15
2 3 15
1 9 15
4 8 15
3 2 15
6 4 15
9 7 15
3 5 15
4 3 15
5 3 15
1 7 15
2 5 15
6 3 15
8 4 15
5 2 15
3 5 16
6 3 16
6 4 16
8 4 16
2 5 16
4 3 16
9 7 16
5 2 16
5 3 16
4 6 16
2 3 16
1 7 16
4 8 16
3 4 16
7 9 16
3 2 16
3 6 16
1 9 16
3 6 17
5 3 17
3 2 17
6 3 17
8 4 17
4 3 17
5 2 17
9 7 17
3 5 17
2 3 17
6 4 17
7 9 17
2 5 17
1 9 17
3 4 17
4 6 17
1 7 17
4 8 17
6 3 18
5 2 18
8 4 18
4 6 18
6 4 18
9 7 18
4 3 18
5 3 18
2 3 18
3 5 18
4 8 18
2 5 18
3 6 18
3 2 18
7 9 18
3 4 18
7 9 19
2 3 19
3 5 19
3 4 19
4 6 19
5 3 19
4 3 19
6 4 19
3 2 19
3 6 19
9 7 19
2 5 19
5 2 19
8 6 19
6 8 19
4 8 19
6 3 19
8 4 19
2 3 20
3 6 20
4 3 20
6 4 20
6 8 20
8 4 20
5 2 20
6 3 20
8 6 20
3 2 20
9 7 20
2 5 20
4 8 20
7 9 20
4 6 20
3 4 20
2 5 21
9 7 21
6 4 21
5 2 21
8 4 21
8 6 21
6 3 21
4 8 21
4 3 21
3 6 21
6 8 21
3 4 21
4 6 21
7 9 21
6 3 22
9 7 22
6 4 22
5 2 22
4 8 22
8 4 22
4 6 22
3 4 22
6 8 22
3 6 22
8 6 22
7 9 22
2 5 22
4 3 22
6 4 23
8 4 23
8 6 23
9 7 23
6 3 23
4 3 23
5 2 23
2 5 23
3 4 23
3 6 23
4 6 23
7 9 23
4 8 23
6 8 23
6 3 24
8 4 24
9 7 24
5 2 24
4 8 24
3 6 24
7 9 24
2 5 24
6 4 24
3 4 24
4 6 24
4 3 24
6 3 25
4 3 25
5 2 25
4 6 25
2 5 25
3 4 25
8 4 25
3 6 25
9 7 25
4 8 25
7 9 25
6 4 25
9 7 26
3 6 26
4 6 26
4 8 26
2 5 26
3 4 26
7 9 26
4 3 26
5 2 26
8 4 26
6 4 26
6 3 26
9 7 27
6 4 27
8 4 27
6 3 27
4 3 27
5 2 27
7 9 27
3 6 27
3 4 27
4 6 27
4 8 27
2 5 27
8 4 28
6 4 28
9 7 28
6 3 28
4 3 28
5 2 28
4 6 28
7 9 28
3 6 28
3 4 28
2 5 28
4 8 28
6 4 29
5 2 29
4 3 29
6 3 29
9 7 29
8 4 29
3 6 29
4 6 29
2 5 29
3 4 29
7 9 29
4 8 29
6 3 30
4 8 30
5 2 30
4 6 30
3 6 30
2 5 30
8 4 30
6 4 30
9 7 30
4 3 30
7 9 30
3 4 30
2 5 31
4 3 31
4 6 31
7 9 31
4 8 31
3 4 31
3 6 31
6 3 31
9 7 31
8 4 31
6 4 31
5 2 31
4 6 32
2 5 32
3 6 32
7 9 32
4 8 32
3 4 32
9 7 32
6 4 32
4 3 32
8 4 32
6 3 32
5 2 32
4 6 33
7 9 33
3 4 33
4 3 33
5 2 33
6 3 33
6 4 33
9 7 33
3 6 33
2 5 33
5 2 34
5 1 34
4 6 34
2 5 34
3 6 34
7 9 34
1 5 34
4 3 34
3 4 34
6 3 34
9 7 34
6 4 34
2 5 35
1 5 35
7 9 35
3 6 35
5 1 35
4 6 35
6 3 35
9 7 35
5 2 35
3 4 35
4 3 35
6 4 35
5 2 36
2 1 36
9 7 36
4 3 36
6 4 36
5 1 36
6 3 36
7 9 36
1 2 36
2 5 36
1 5 36
3 6 36
3 4 36
4 6 36
1 2 37
7 9 37
3 6 37
4 6 37
2 5 37
4 3 37
3 4 37
1 5 37
2 1 37
9 7 37
5 1 37
6 4 37
5 2 37
6 3 37
1 2 38
1 5 38
2 5 38
3 4 38
4 6 38
3 6 38
6 4 38
6 3 38
4 3 38
5 2 38
5 1 38
2 1 38
7 9 38
9 7 38
5 1 39
2 1 39
4 3 39
7 9 39
1 2 39
3 4 39
4 6 39
2 5 39
3 6 39
6 4 39
5 2 39
6 3 39
9 7 39
1 5 39
6 3 40
5 1 40
4 6 40
3 6 40
3 4 40
1 2 40
1 5 40
2 5 40
6 4 40
5 2 40
4 3 40
2 1 40
7 9 40
9 7 40
3 6 41
2 5 41
7 9 41
3 4 41
1 5 41
4 6 41
1 2 41
5 2 41
9 7 41
4 3 41
5 1 41
6 4 41
2 1 41
6 3 41
4 6 42
7 9 42
5 2 42
3 4 42
2 5 42
1 5 42
9 7 42
4 3 42
6 4 42
3 6 42
6 3 42
2 1 42
1 2 42
5 1 42
5 1 43
7 9 43
1 5 43
2 5 43
1 2 43
3 6 43
4 6 43
6 4 43
4 3 43
6 3 43
2 1 43
5 2 43
9 7 43
3 4 43
1 2 44
2 1 44
4 6 44
5 2 44
3 4 44
7 9 44
3 6 44
2 5 44
4 3 44
9 7 44
6 4 44
5 1 44
6 3 44
1 5 44
2 1 45
4 3 45
6 4 45
5 2 45
9 7 45
3 6 45
1 2 45
3 4 45
4 6 45
7 9 45
1 5 45
2 5 45
6 3 45
5 1 45
6 3 46
5 2 46
9 7 46
5 1 46
6 4 46
4 3 46
2 1 46
7 9 46
3 4 46
1 2 46
3 6 46
4 6 46
2 5 46
1 5 46
4 6 47
3 6 47
1 2 47
5 2 47
1 5 47
7 9 47
9 7 47
5 1 47
2 1 47
2 5 47
6 3 47
6 4 47
1 5 48
7 9 48
1 2 48
3 6 48
4 6 48
6 4 48
5 2 48
2 5 48
2 1 48
9 7 48
5 1 48
6 3 48
3 6 49
1 5 49
7 9 49
4 6 49
2 5 49
1 2 49
5 1 49
6 3 49
5 2 49
2 1 49
9 7 49
6 4 49
1 2 50
1 5 50
4 6 50
7 9 50
3 6 50
2 5 50
5 1 50
9 7 50
5 2 50
6 3 50
2 1 50
6 4 50
2 5 51
1 2 51
3 6 51
4 6 51
1 5 51
9 7 51
5 2 51
7 9 51
6 3 51
6 4 51
5 1 51
2 1 51
7 9 52
9 7 52
5 1 52
6 3 52
5 2 52
6 4 52
4 6 52
1 2 52
2 5 52
3 6 52
2 1 52
1 5 52
2 1 53
6 3 53
9 7 53
5 2 53
2 5 53
5 1 53
7 9 53
4 6 53
3 6 53
1 5 53
6 4 53
1 2 53
2 1 54
9 7 54
6 3 54
3 6 54
1 5 54
7 9 54
1 2 54
2 5 54
4 6 54
5 2 54
6 4 54
5 1 54
4 6 55
6 3 55
5 2 55
2 1 55
5 1 55
9 7 55
7 9 55
1 5 55
1 2 55
3 6 55
6 4 55
2 5 55
6 4 56
2 5 56
4 6 56
1 2 56
4 8 56
7 9 56
5 2 56
2 1 56
1 5 56
9 7 56
5 1 56
8 4 56
1 5 57
1 2 57
4 6 57
2 5 57
4 8 57
7 9 57
5 2 57
5 1 57
2 1 57
8 4 57
9 7 57
6 4 57
2 5 58
1 5 58
1 2 58
4 8 58
9 7 58
7 9 58
8 4 58
5 2 58
5 1 58
2 1 58
6 4 58
4 6 58
5 2 59
1 2 59
4 6 59
2 5 59
1 5 59
7 9 59
6 4 59
2 1 59
8 4 59
9 7 59
4 8 59
5 1 59
1 5 60
1 2 60
4 6 60
5 1 60
5 2 60
8 4 60
9 7 60
6 4 60
2 1 60
4 8 60
7 9 60
2 5 60
6 4 61
8 4 61
5 1 61
5 2 61
9 7 61
2 1 61
1 5 61
1 2 61
7 9 61
2 5 61
4 8 61
4 6 61
2 1 62
6 4 62
5 1 62
9 7 62
7 9 62
1 5 62
4 6 62
5 2 62
4 8 62
1 2 62
8 4 62
2 5 62
4 6 63
1 5 63
7 9 63
4 8 63
2 5 63
5 1 63
2 1 63
5 2 63
8 4 63
9 7 63
6 4 63
1 2 63
8 4 64
2 1 64
5 2 64
5 1 64
6 4 64
4 8 64
4 6 64
1 5 64
2 5 64
1 2 64
7 9 64
9 7 64
2 5 65
4 8 65
1 5 65
4 6 65
7 9 65
1 2 65
2 1 65
5 2 65
8 4 65
5 1 65
6 4 65
9 7 65
1 5 66
6 4 66
5 2 66
9 7 66
8 4 66
1 2 66
5 1 66
4 6 66
7 9 66
4 8 66
2 5 66
2 1 66
8 4 67
9 7 67
2 5 67
5 1 67
2 1 67
6 4 67
1 5 67
1 2 67
4 6 67
7 9 67
4 8 67
5 2 67
5 1 68
8 4 68
6 4 68
9 7 68
2 5 68
5 2 68
2 1 68
1 2 68
7 9 68
4 6 68
4 8 68
1 5 68
8 4 69
9 7 69
6 4 69
5 1 69
5 2 69
1 2 69
7 9 69
4 6 69
1 5 69
2 5 69
2 1 69
4 8 69
1 2 70
9 7 70
8 4 70
2 1 70
5 1 70
5 2 70
2 5 70
4 8 70
7 9 70
4 6 70
6 4 70
1 5 70
5 2 71
2 1 71
7 9 71
9 7 71
6 4 71
4 8 71
1 5 71
4 6 71
1 2 71
2 5 71
8 4 71
5 1 71
9 7 72
5 1 72
5 2 72
2 5 72
1 5 72
2 1 72
1 2 72
4 8 72
4 6 72
8 4 72
6 4 72
7 9 72
7 9 73
2 5 73
1 2 73
1 5 73
6 4 73
9 7 73
5 2 73
2 1 73
5 1 73
4 6 73
9 7 74
5 2 74
6 4 74
2 1 74
5 1 74
7 9 74
2 5 74
4 6 74
1 2 74
1 5 74
7 9 75
2 5 75
4 6 75
6 4 75
1 2 75
1 5 75
5 2 75
9 7 75
5 1 75
2 1 75
6 4 76
2 1 76
5 1 76
9 7 76
7 9 76
1 5 76
4 6 76
1 2 76
5 2 76
2 5 76
1 2 77
4 6 77
6 4 77
2 5 77
1 5 77
7 9 77
2 1 77
9 7 77
5 2 77
5 1 77
1 2 78
9 7 78
2 5 78
6 4 78
2 1 78
5 2 78
5 1 78
7 9 78
1 5 78
4 6 78
5 2 79
9 7 79
1 2 79
4 6 79
1 5 79
7 9 79
2 5 79
5 1 79
6 4 79
2 1 79
7 9 80
5 1 80
2 5 80
9 7 80
5 2 80
2 1 80
6 4 80
4 6 80
1 5 80
1 2 80
9 7 81
2 5 81
4 6 81
1 5 81
1 2 81
7 9 81
2 1 81
5 1 81
5 2 81
6 4 81
1 2 82
4 6 82
2 5 82
1 5 82
7 9 82
5 1 82
9 7 82
2 1 82
5 2 82
6 4 82
4 6 83
1 5 83
1 2 83
2 5 83
7 9 83
9 7 83
2 1 83
5 1 83
6 4 83
5 2 83
2 1 84
5 2 84
5 1 84
6 4 84
4 6 84
1 5 84
7 9 84
1 2 84
2 5 84
9 7 84
7 9 85
1 5 85
2 5 85
2 1 85
9 7 85
5 1 85
5 2 85
1 2 85
1 5 86
7 9 86
2 1 86
5 1 86
9 7 86
2 5 86
5 2 86
1 2 86
2 5 87
1 2 87
7 9 87
9 7 87
2 1 87
5 2 87
7 9 88
1 2 88
2 1 88
9 7 88
7 9 89
9 7 89
1 2 89
2 1 89
1 2 90
7 9 90
6 7 90
9 7 90
2 1 90
2 1 91
9 7 91
6 7 91
7 9 91
1 2 91
1 2 92
6 7 92
7 9 92
9 7 92
2 1 92
2 1 93
6 7 93
1 2 93
2 1 94
6 7 94
1 2 94
6 7 95
2 1 95
1 2 95
6 7 96
3 9 96
1 2 96
2 1 96
1 2 97
3 9 97
2 1 97
6 7 97
1 2 98
6 7 98
2 1 98
3 9 98
2 1 99
3 9 99
1 2 99
6 7 99
2 1 100
3 9 100
6 7 100
1 2 100
2 1 101
1 2 101
3 9 101
6 7 101
6 7 102
1 2 102
2 1 102
3 9 102
1 2 103
6 7 103
3 9 103
2 1 103
1 2 104
3 9 104
6 7 104
2 1 104
2 1 105
3 9 105
6 7 105
1 2 105
1 2 106
3 9 106
6 7 106
2 1 106
6 7 107
1 2 107
3 9 107
2 1 107
6 7 108
3 9 108
1 2 108
2 1 108
2 1 109
6 7 109
1 2 109
3 9 109
2 1 110
1 2 110
6 7 110
3 9 110
3 9 111
6 7 111
1 2 111
2 1 111
3 9 112
6 7 112
2 1 112
1 2 112
6 7 113
1 2 113
3 9 113
2 1 113
2 1 114
3 9 114
1 2 114
6 7 114
2 1 115
6 7 115
3 9 115
1 2 115
2 1 116
1 2 116
6 7 116
3 9 116
1 2 117
3 9 117
6 7 117
2 1 117
6 7 118
3 9 118
1 2 118
2 1 118
1 2 119
3 9 119
2 1 119
3 9 120
2 1 120
1 2 120
4 7 120
2 1 121
1 2 121
3 9 121
3 9 122
1 2 122
2 1 122
2 1 123
1 2 123
3 9 123
3 7 124
2 1 124
1 2 124
3 9 124
3 9 125
1 2 125
2 1 125
3 7 125
1 2 126
3 9 126
3 7 126
2 1 126
2 1 127
3 7 127
1 2 127
3 9 127
2 1 128
3 7 128
3 9 128
1 2 128
2 1 129
1 2 129
3 9 129
3 7 129
3 9 130
1 2 130
3 7 130
2 1 130
3 9 131
1 2 131
2 1 131
3 7 131
2 1 132
1 2 132
3 9 132
3 7 132
1 2 133
3 7 133
3 9 133
2 1 133
3 9 134
2 1 134
1 2 134
3 7 134
3 9 135
1 2 135
2 1 135
3 7 135
2 1 136
1 2 136
3 7 136
3 9 136
2 1 137
3 7 137
3 9 137
1 2 137
1 2 138
3 9 138
2 1 138
3 7 138
1 2 139
3 9 139
3 7 139
2 1 139
3 9 140
3 7 140
2 1 140
1 2 140
3 7 141
3 9 141
2 1 141
1 2 141
2 1 142
3 7 142
3 9 142
1 2 142
2 1 143
3 7 143
3 9 143
1 2 143
5 9 143
2 1 144
3 7 144
3 9 144
1 2 144
5 9 144
2 1 145
5 9 145
3 9 145
1 2 145
3 7 145
3 9 146
1 2 146
5 9 146
3 7 146
2 1 146
3 7 147
1 2 147
5 9 147
2 1 147
3 7 148
5 9 148
5 9 149
3 7 149
5 9 150
3 7 150
3 7 151
5 9 151
5 9 152
3 7 152
3 7 153
5 9 153
5 9 154
5 9 155
5 9 156
5 9 157
5 9 158
5 9 159
5 9 160
5 9 161
5 9 162
5 9 163
5 9 164
5 9 165
5 9 166
5 9 167
5 9 168
5 9 169
5 9 170
5 9 171
5 9 172
5 9 173
5 9 174
5 9 175
5 9 176
5 9 177
5 9 178
5 9 179
5 9 180
5 9 181
5 9 182
5 9 183
5 9 184
5 9 185
1 9 203
1 9 204
1 9 205
1 9 206
1 9 207
1 9 208
1 9 209
1 9 210
1 9 211
1 9 212
1 9 213
1 9 214
1 9 215
1 9 216
1 9 217
1 9 218
1 9 219
1 9 220
1 9 221
1 9 222
1 9 223
1 9 224
1 9 225
1 9 226
1 9 227
1 9 228
1 9 229
1 9 230
1 9 231
1 9 232
1 9 233
1 9 234
1 9 235
1 9 236
1 9 237
1 9 238
1 9 239
1 9 240
1 9 241
1 9 242
1 9 243
1 9 244
1 9 245
1 9 246
1 9 247
1 9 248
1 9 249
1 9 250
1 9 251
1 9 252
1 9 253
1 9 254
1 9 255
1 9 256
1 9 257
1 9 258
2 9 258
1 9 259
2 9 259
2 9 260
1 9 260
1 9 261
2 9 261
2 9 262
1 9 262
2 9 263
1 9 263
1 9 264
2 9 264
2 9 265
1 9 265
1 9 266
2 9 266
1 9 267
2 9 267
2 9 268
1 9 268
1 9 269
2 9 269
1 9 270
2 9 270
2 9 271
1 9 271
2 9 272
1 9 272
2 9 273
1 9 273
2 9 274
2 9 275
2 9 276
3 6 282
6 3 282
6 3 283
3 6 283
7 8 284
3 6 284
6 3 284
6 3 285
3 6 285
7 8 285
6 3 286
3 6 286
7 8 286
6 3 287
7 8 287
3 6 287
7 8 288
6 3 288
3 6 288
3 6 289
7 8 289
6 3 289
3 6 290
7 8 290
6 3 290
7 8 291
7 8 292
7 8 293
7 8 294
4 6 296
6 4 296
4 6 297
6 4 297
4 6 298
6 4 298
6 4 299
4 6 299
4 6 300
6 4 300
4 6 301
6 4 301
4 6 302
6 4 302
4 6 303
6 4 303
6 4 304
4 6 304
4 6 305
6 4 305
6 4 306
4 6 306
4 6 307
6 4 307
4 6 308
6 4 308
4 6 309
6 4 309
4 6 310
6 4 310
6 4 311
4 6 311
6 4 312
4 6 312
6 4 313
4 6 313
6 4 314
4 6 314
6 4 315
4 6 315
6 4 316
4 6 316
4 6 317
6 4 317
4 6 318
6 4 318
6 4 319
4 6 319
4 6 320
6 4 320
4 6 321
6 4 321
4 6 322
6 4 322
4 6 323
6 4 323
6 4 324
4 6 324
4 6 325
6 4 325
4 6 326
6 4 326
4 6 327
6 4 327
4 6 328
6 4 328
4 6 329
6 4 329
4 6 330
6 4 330
4 6 331
6 4 331
6 4 332
4 6 332
6 4 333
4 6 333
6 4 334
4 6 334
6 4 335
4 6 335
4 6 336
6 4 336
4 6 337
6 4 337
4 6 338
6 4 338
4 6 339
6 4 339
4 6 340
6 4 340
6 4 341
4 6 341
7 8 342
4 6 342
6 4 342
7 8 343
6 4 343
4 6 343
7 8 344
6 4 344
4 6 344
7 8 345
4 6 345
6 4 345
4 6 346
7 8 346
6 4 346
4 6 347
7 8 347
6 4 347
4 6 348
7 8 348
6 4 348
4 6 349
7 8 349
6 4 349
7 8 350
4 6 350
6 4 350
6 4 351
7 8 351
4 6 351
6 4 352
7 8 352
4 6 352
7 8 353
4 6 353
6 4 353
4 6 354
7 8 354
6 4 354
4 6 355
7 8 355
6 4 355
6 4 356
7 8 356
4 6 356
4 6 357
7 8 357
6 4 357
7 8 358
4 6 358
6 4 358
7 8 359
4 6 359
6 4 359
4 6 360
7 8 360
6 4 360
6 4 361
7 8 361
4 6 361
6 4 362
4 6 362
7 8 362
4 6 363
7 8 363
6 4 363
4 6 364
6 4 364
7 8 364
4 6 365
7 8 365
6 4 365
4 6 366
7 8 366
6 4 366
4 6 367
7 8 367
6 4 367
4 6 368
7 8 368
6 4 368
4 6 369
7 8 369
6 4 369
6 4 370
4 6 370
7 8 370
6 4 371
4 6 371
7 8 371
6 4 372
7 8 372
4 6 372
7 8 373
4 6 373
6 4 373
7 8 374
4 6 374
6 4 374
4 6 375
7 8 375
6 4 375
7 8 376
6 4 376
4 6 376
6 4 377
4 6 377
7 8 377
7 8 378
3 5 378
4 6 378
6 4 378
5 3 378
3 5 379
4 6 379
7 8 379
5 3 379
6 4 379
4 6 380
7 8 380
3 5 380
5 3 380
6 4 380
4 6 381
3 5 381
5 3 381
6 4 381
3 5 382
6 4 382
5 3 382
4 6 382
3 5 383
6 4 383
5 3 383
4 6 383
6 4 384
5 3 384
3 5 384
4 6 384
6 4 385
4 6 385
5 3 385
3 5 385
5 3 386
3 5 386
4 6 386
6 4 386
4 6 387
3 5 387
5 3 387
6 4 387
4 6 388
6 4 388
3 5 388
5 3 388
6 4 389
5 3 389
3 5 389
4 6 389
4 6 390
5 3 390
6 4 390
3 5 390
4 6 391
5 3 391
6 4 391
3 5 391
4 6 392
5 3 392
3 5 392
6 4 392
6 4 393
4 6 393
3 5 393
5 3 393
3 5 394
6 4 394
4 6 394
5 3 394
4 6 395
3 5 395
5 3 395
6 4 395
5 3 396
6 4 396
4 6 396
3 5 396
3 5 397
6 4 397
5 3 397
4 6 397
4 6 398
5 3 398
6 4 398
3 5 398
5 3 399
6 4 399
4 6 399
3 5 399
3 5 400
4 6 400
6 4 400
5 3 400
4 6 401
3 5 401
5 3 401
6 4 401
3 5 402
6 4 402
5 3 402
4 6 402
6 4 403
5 3 403
3 5 403
4 6 403
4 6 404
6 4 404
5 3 404
3 5 404
4 6 405
3 5 405
5 3 405
6 4 405
3 5 406
4 6 406
6 4 406
5 3 406
5 3 407
6 4 407
4 6 407
3 5 407
3 5 408
5 3 408
4 6 408
6 4 408
5 3 409
4 6 409
3 5 409
6 4 409
6 4 410
5 3 410
3 5 410
4 6 410
6 4 411
5 3 411
4 6 411
3 5 411
6 4 412
4 6 412
3 5 412
5 3 412
5 3 413
6 4 413
4 6 413
3 5 413
3 5 414
4 6 414
6 4 414
5 3 414
3 5 415
4 6 415
5 3 415
6 4 415
5 3 416
6 4 416
3 5 416
4 6 416
4 6 417
6 4 417
3 5 417
5 3 417
4 6 418
6 4 418
3 5 418
5 3 418
5 3 419
6 4 419
5 7 419
4 6 419
3 5 419
4 6 420
6 4 420
3 5 420
5 7 420
5 3 420
3 7 420
3 7 421
4 6 421
3 5 421
5 3 421
5 7 421
6 4 421
6 4 422
5 3 422
4 6 422
3 7 422
3 5 422
5 7 422
5 3 423
6 4 423
4 6 423
3 7 423
5 7 423
3 5 423
5 3 424
6 4 424
5 7 424
4 6 424
3 5 424
3 7 424
5 3 425
3 7 425
5 7 425
4 6 425
6 4 425
3 5 425
5 7 426
4 6 426
3 7 426
5 3 426
3 5 426
6 4 426
6 4 427
4 6 427
5 7 427
3 7 427
3 5 427
5 3 427
5 3 428
3 5 428
4 6 428
3 7 428
5 7 428
6 4 428
6 4 429
3 7 429
3 5 429
4 6 429
5 3 429
5 7 429
4 6 430
5 7 430
3 5 430
3 7 430
5 3 430
6 4 430
3 7 431
4 6 431
6 4 431
5 3 431
5 7 431
3 5 431
5 3 432
6 4 432
5 7 432
4 6 432
3 5 432
3 7 432
6 4 433
5 3 433
5 7 433
3 5 433
4 6 433
3 7 433
5 3 434
3 5 434
5 7 434
3 7 434
5 3 435
3 5 435
5 7 435
3 7 435
5 3 436
3 5 436
5 7 436
3 7 436
5 3 437
3 5 437
5 7 437
3 7 437
3 5 438
3 7 438
5 7 438
5 3 438
3 5 439
5 7 439
3 7 439
5 3 439
3 7 440
3 5 440
5 3 440
5 7 440
3 5 441
5 3 441
5 7 441
3 7 441
3 7 442
5 7 442
3 5 442
5 3 442
3 5 443
5 7 443
5 3 443
3 7 443
5 3 444
5 7 444
3 7 444
3 5 444
5 3 445
5 7 445
3 7 445
3 5 445
5 3 446
3 5 446
5 7 446
3 7 446
5 7 447
3 5 447
3 7 447
5 3 447
3 5 448
5 7 448
3 7 448
5 3 448
3 7 449
5 7 449
3 5 449
5 3 449
3 7 450
5 7 450
3 5 450
5 3 450
3 5 451
5 7 451
3 7 451
5 3 451
3 7 452
3 5 452
5 7 452
5 3 452
3 5 453
5 7 453
3 7 453
5 3 453
3 5 454
3 7 454
5 3 454
5 7 454
5 3 455
3 7 455
3 5 455
3 5 456
3 7 456
5 3 456
5 3 457
3 7 457
3 5 457
5 3 458
3 7 458
3 5 458
3 5 459
3 7 459
5 3 459
3 7 460
3 5 460
5 3 460
6 7 461
3 7 461
5 3 461
3 5 461
5 3 462
6 7 462
3 5 462
3 7 462
5 3 463
3 5 463
6 7 463
3 5 464
6 7 464
5 3 464
6 7 465
5 3 465
3 5 465
6 7 466
3 5 466
5 3 466
3 5 467
6 7 467
5 3 467
5 3 468
6 7 468
3 5 468
3 5 469
6 7 469
5 3 469
3 5 470
6 7 470
5 3 470
4 7 471
3 5 471
6 7 471
5 3 471
6 7 472
3 5 472
5 3 472
4 7 472
3 5 473
4 7 473
5 3 473
6 7 473
5 3 474
4 7 474
3 5 474
6 7 474
4 6 475
4 7 475
6 7 475
3 5 475
5 3 475
6 4 475
6 4 476
5 3 476
3 5 476
4 6 476
4 7 476
6 7 476
4 6 477
5 3 477
6 4 477
4 7 477
3 5 477
6 7 477
6 7 478
3 5 478
4 7 478
6 4 478
4 6 478
5 3 478
5 3 479
6 4 479
6 7 479
4 6 479
4 7 479
3 5 479
6 4 480
4 7 480
3 5 480
5 3 480
4 6 480
6 7 480
4 6 481
6 4 481
5 3 481
6 7 481
3 5 481
4 7 481
4 7 482
6 4 482
4 6 482
6 7 482
3 5 482
5 3 482
4 7 483
5 3 483
6 4 483
6 7 483
4 6 483
3 5 483
5 3 484
6 7 484
4 6 484
4 7 484
3 5 484
6 4 484
5 3 485
6 4 485
4 7 485
6 7 485
3 5 485
4 6 485
5 3 486
6 7 486
3 5 486
4 6 486
6 4 486
4 7 486
6 4 487
5 3 487
3 5 487
4 6 487
6 7 487
4 7 487
5 3 488
6 4 488
4 6 488
4 7 488
3 5 488
6 7 488
4 6 489
6 7 489
3 5 489
4 7 489
6 4 489
5 3 489
4 6 490
5 3 490
6 4 490
3 5 490
6 7 490
4 7 490
6 7 491
4 6 491
6 4 491
4 7 491
5 3 491
3 5 491
4 6 492
6 7 492
3 5 492
6 4 492
5 3 492
4 7 492
6 4 493
5 3 493
4 6 493
4 7 493
6 7 493
3 5 493
3 5 494
6 7 494
5 3 494
6 4 494
4 6 494
4 7 494
6 4 495
5 3 495
4 6 495
3 5 495
4 7 495
6 7 495
3 5 496
6 4 496
5 3 496
4 6 496
6 7 496
4 7 496
4 6 497
4 7 497
6 7 497
3 5 497
6 4 497
5 3 497
5 3 498
3 5 498
6 7 498
4 6 498
4 7 498
6 4 498
4 6 499
3 5 499
6 7 499
5 3 499
4 7 499
6 4 499
4 6 500
6 7 500
4 7 500
3 5 500
5 3 500
6 4 500
5 3 501
6 4 501
6 7 501
3 5 501
4 6 501
4 7 501
6 4 502
5 3 502
3 5 502
4 6 502
4 7 502
6 7 502
6 4 503
5 3 503
4 6 503
4 7 503
3 5 503
6 7 503
6 7 504
3 5 504
4 7 504
4 6 504
5 3 504
6 4 504
4 6 505
6 7 505
3 5 505
4 7 505
6 4 505
5 3 505
3 5 506
5 3 506
6 4 506
4 6 506
6 7 506
6 7 507
3 5 507
4 6 507
5 3 507
6 4 507
6 7 508
5 3 508
6 4 508
4 6 508
3 5 508
6 7 509
3 5 509
5 3 509
3 5 510
6 7 510
5 3 510
3 5 511
6 7 511
5 3 511
5 3 512
5 9 512
3 5 512
6 7 512
5 9 513
3 5 513
6 7 513
5 3 513
5 9 514
3 5 514
5 3 514
6 7 514
3 5 515
6 7 515
5 9 515
5 3 515
5 9 516
6 7 516
5 9 517
6 7 517
5 9 518
6 7 518
6 7 519
5 9 519
6 7 520
5 9 520
5 9 521
6 7 521
5 9 522
6 7 522
6 7 523
5 9 523
6 7 524
5 9 524
5 9 525
6 7 525
6 7 526
5 9 526
5 9 527
6 7 527
6 7 528
5 9 528
5 9 529
6 7 529
6 7 530
5 9 530
5 9 531
6 7 531
5 9 532
6 7 532
5 9 533
6 7 533
5 9 534
6 7 534
6 7 535
5 9 535
6 7 536
5 9 536
5 9 537
5 9 538
5 9 539
5 9 540
5 9 541
3 7 541
5 9 542
3 7 542
5 9 543
3 7 543
3 7 544
5 9 544
7 9 544
9 7 544
5 7 544
5 7 545
7 9 545
5 9 545
3 7 545
9 7 545
5 9 546
3 7 546
5 7 546
7 9 546
9 7 546
3 7 547
7 9 547
5 7 547
5 9 547
9 7 547
9 7 548
7 9 548
5 7 548
5 9 548
5 7 549
5 9 549
7 9 549
9 7 549
5 7 550
5 9 550
9 7 550
7 9 550
9 7 551
5 9 551
7 9 551
5 7 551
9 7 552
5 9 552
7 9 552
5 7 552
9 7 553
5 9 553
7 9 553
5 7 553
7 9 554
5 7 554
5 9 554
9 7 554
7 9 555
5 7 555
5 9 555
9 7 555
7 9 556
5 9 556
9 7 556
5 7 556
7 9 557
5 9 557
9 7 557
5 7 557
5 7 558
7 9 558
5 9 558
9 7 558
9 7 559
7 9 559
5 9 559
5 7 559
7 9 560
9 7 560
5 9 560
5 7 560
9 7 561
5 7 561
5 9 561
7 9 561
9 7 562
7 9 562
5 9 562
5 7 562
5 7 563
7 9 563
5 9 563
9 7 563
9 7 564
5 7 564
5 9 564
7 9 564
9 7 565
5 7 565
5 9 565
7 9 565
5 7 566
7 9 566
9 7 566
5 9 566
7 9 567
5 9 567
5 7 567
9 7 567
9 7 568
6 3 568
3 6 568
5 9 568
5 7 568
7 9 568
5 7 569
7 9 569
3 6 569
6 3 569
9 7 569
5 9 569
6 3 570
9 7 570
5 9 570
7 9 570
3 6 570
5 7 570
5 7 571
9 7 571
3 6 571
7 9 571
6 3 571
5 9 571
6 3 572
9 7 572
3 6 572
5 9 572
5 7 572
7 9 572
5 9 573
5 7 573
3 6 573
7 9 573
6 3 573
9 7 573
9 7 574
6 3 574
7 9 574
3 6 574
5 7 574
5 9 574
6 3 575
9 7 575
5 7 575
3 6 575
5 9 575
7 9 575
3 6 576
9 7 576
5 7 576
5 9 576
6 3 576
7 9 576
5 7 577
5 9 577
3 6 577
9 7 577
6 3 577
7 9 577
7 9 578
3 6 578
9 7 578
6 3 578
5 7 578
5 9 578
7 9 579
5 9 579
6 3 579
9 7 579
3 6 579
5 7 579
3 6 580
5 7 580
7 9 580
9 7 580
6 3 580
5 9 580
9 7 581
5 7 581
5 9 581
6 3 581
7 9 581
3 6 581
9 7 582
5 7 582
3 6 582
5 9 582
7 9 582
6 3 582
9 7 583
6 3 583
3 6 583
7 9 583
5 7 583
5 9 583
5 9 584
7 9 584
3 6 584
5 7 584
6 3 584
9 7 584
9 7 585
6 3 585
5 9 585
7 9 585
3 6 585
5 7 585
7 9 586
3 6 586
5 9 586
5 7 586
9 7 586
6 3 586
5 9 587
7 9 587
5 7 587
3 6 587
9 7 587
6 3 587
7 9 588
9 7 588
5 7 588
3 6 588
6 3 588
5 9 588
9 7 589
6 3 589
7 9 589
3 6 589
5 7 589
5 9 589
3 6 590
5 9 590
7 9 590
6 3 590
5 7 590
9 7 590
7 9 591
5 9 591
5 7 591
9 7 591
6 3 591
3 6 591
3 6 592
5 7 592
5 9 592
7 9 592
6 3 592
9 7 592
6 3 593
9 7 593
5 7 593
3 6 593
5 9 593
7 9 593
7 9 594
5 9 594
6 3 594
9 7 594
5 7 594
3 6 594
5 9 595
5 7 595
6 3 595
3 6 595
7 9 595
9 7 595
9 7 596
6 3 596
7 9 596
3 6 596
3 6 597
9 7 597
6 3 597
7 9 597
7 9 598
3 6 598
6 3 598
9 7 598
3 6 599
6 3 599
9 7 599
7 9 599
9 7 600
7 9 600
3 6 600
6 3 600
9 7 601
6 3 601
7 9 601
3 6 601
6 3 602
3 6 602
7 9 602
9 7 602
6 3 603
7 9 603
3 6 603
9 7 603
6 3 604
3 6 604
7 9 604
9 7 604
3 6 605
9 7 605
6 3 605
7 9 605
6 3 606
9 7 606
3 6 606
7 9 606
9 7 607
7 9 607
6 3 607
3 6 607
3 6 608
6 3 608
9 7 608
7 9 608
9 7 609
7 9 609
3 6 609
6 3 609
7 9 610
3 6 610
9 7 610
6 3 610
7 9 611
3 6 611
9 7 611
6 3 611
7 9 612
3 6 612
9 7 612
6 3 612
3 6 613
6 3 613
7 9 613
9 7 613
6 3 614
3 6 614
7 9 614
9 7 614
6 3 615
7 9 615
9 7 615
3 6 615
7 9 616
3 6 616
6 3 616
9 7 616
9 7 617
6 3 617
3 6 617
7 9 617
9 7 618
3 6 618
6 3 618
7 9 618
6 3 619
9 7 619
7 9 619
3 6 619
7 9 620
9 7 620
6 3 620
3 6 620
7 9 621
3 6 621
6 3 621
9 7 621
9 7 622
7 9 622
6 3 622
3 6 622
9 7 623
6 3 623
3 6 623
7 9 623
6 3 624
9 7 624
7 9 624
3 6 624
3 6 625
7 9 625
6 3 625
9 7 625
6 3 626
3 6 626
7 9 626
9 7 626
6 3 627
9 7 627
7 9 627
3 6 627
6 3 628
9 7 628
7 9 628
3 6 628
7 9 629
6 7 629
3 6 629
6 3 629
9 7 629
9 7 630
6 3 630
6 7 630
3 6 630
7 9 630
7 9 631
9 7 631
6 3 631
3 6 631
6 7 631
9 7 632
6 7 632
7 9 632
6 3 632
3 6 632
6 3 633
9 7 633
6 7 633
3 6 633
7 9 633
6 3 634
3 6 634
9 7 634
7 9 634
3 7 634
6 7 634
3 7 635
6 7 635
7 9 635
6 3 635
9 7 635
3 6 635
6 7 636
7 9 636
3 7 636
3 6 636
9 7 636
6 3 636
6 7 637
3 6 637
7 9 637
3 7 637
6 3 637
9 7 637
7 9 638
3 6 638
6 7 638
9 7 638
6 3 638
3 7 638
6 7 639
6 3 639
9 7 639
3 7 639
3 6 639
7 9 639
3 7 640
3 6 640
7 9 640
6 7 640
6 3 640
9 7 640
9 7 641
6 3 641
6 7 641
3 6 641
7 9 641
3 7 641
6 3 642
3 7 642
6 7 642
3 6 642
6 3 643
3 6 643
6 7 643
3 7 643
6 7 644
3 6 644
6 3 644
3 7 644
3 6 645
6 7 645
3 7 645
6 3 645
3 6 646
3 7 646
6 7 646
6 3 646
3 6 647
3 7 647
6 7 647
6 3 647
6 3 648
3 7 648
6 7 648
3 6 648
3 7 649
6 3 649
6 7 649
3 6 649
3 7 650
6 7 650
3 6 650
6 3 650
6 3 651
3 7 651
3 6 651
6 7 651
6 3 652
6 7 652
3 6 652
3 7 652
6 3 653
6 7 653
3 7 653
3 6 653
6 3 654
3 7 654
3 6 654
6 7 654
6 3 655
3 7 655
6 7 655
3 6 655
6 7 656
6 3 656
3 7 656
3 6 656
6 3 657
6 7 657
3 6 657
3 7 657
6 3 658
6 7 658
3 7 658
3 6 658
6 7 659
3 7 659
3 6 659
6 3 659
6 7 660
3 7 660
3 6 660
6 3 660
3 7 661
6 7 661
3 6 661
6 3 661
6 3 662
6 7 662
3 7 662
3 6 662
6 3 663
6 7 663
3 6 663
6 3 664
6 7 664
3 6 664
6 7 665
6 3 665
3 6 665
6 7 666
3 6 666
6 3 666
3 9 667
3 6 667
6 7 667
6 3 667
6 7 668
6 3 668
3 9 668
3 6 668
6 7 669
3 9 669
6 3 669
3 6 669
3 6 670
6 7 670
6 3 670
3 9 670
3 6 671
6 7 671
3 9 671
6 3 671
6 3 672
3 6 672
3 9 672
6 7 672
3 6 673
6 3 673
3 9 673
6 3 674
3 6 674
3 9 674
6 3 675
3 6 675
3 9 675
3 9 676
3 6 676
6 3 676
3 9 677
3 6 677
6 3 677
3 9 678
3 9 679
3 9 680
3 9 681
3 9 682
3 9 683
3 9 684
3 9 685
3 9 686
3 9 687
3 9 688
3 9 689
3 9 690
3 9 691
3 9 692
3 9 693
3 9 694
3 9 695
3 9 696
3 9 697
3 9 698
3 9 699
3 9 700
3 9 701
3 9 702
3 9 703
3 9 704
3 9 705
3 9 706
3 9 707
3 9 708
3 9 709
3 9 710
3 9 711
3 9 712
3 9 713
3 9 714
3 9 715
3 9 716
3 9 717
3 9 718
3 9 719
3 9 720
3 9 721
3 9 722
3 9 723
3 9 724
3 9 725
3 9 726
3 9 727
3 9 728
3 9 729
3 9 730
3 9 731
3 9 732
3 9 733
3 9 734
3 9 735
3 9 736
3 9 737
3 9 738
3 9 739
3 9 740
3 9 741
3 9 742
3 9 743
3 9 744
3 9 745
3 9 746
3 9 747
2 6 747
6 2 747
3 9 748
2 6 748
6 2 748
6 2 749
2 6 749
3 9 749
2 6 750
3 9 750
6 2 750
6 2 751
3 9 751
2 6 751
6 2 752
3 9 752
2 6 752
6 2 753
3 9 753
2 6 753
2 6 754
3 9 754
6 2 754
2 6 755
6 2 755
3 9 755
3 9 756
6 2 756
2 6 756
2 6 757
3 9 757
6 2 757
2 6 758
6 2 758
3 9 758
3 9 759
2 6 759
6 2 759
2 6 760
3 9 760
6 2 760
6 2 761
3 9 761
2 6 761
6 2 762
3 9 762
2 6 762
2 6 763
6 2 763
6 2 764
2 6 764
2 6 765
6 2 765
6 2 766
2 6 766
2 6 767
6 2 767
6 2 768
2 6 768
6 2 769
2 6 769
6 2 770
2 6 770
3 9 770
6 2 771
2 6 771
3 9 771
6 2 772
2 6 772
3 9 772
6 2 773
2 6 773
3 9 773
2 6 774
3 9 774
6 2 774
2 6 775
6 2 775
3 9 775
2 6 776
6 2 776
3 9 776
2 6 777
3 9 777
6 2 777
3 9 778
2 6 778
6 2 778
2 6 779
6 2 779
3 9 779
6 2 780
2 6 780
3 9 780
3 9 781
6 2 781
2 6 781
6 2 782
2 6 782
3 9 782
6 2 783
2 6 783
3 9 783
6 2 784
3 9 784
2 6 784
3 9 785
2 6 785
6 2 785
6 2 786
3 9 786
2 6 786
6 2 787
2 6 787
3 9 787
3 9 788
2 6 788
6 2 788
2 6 789
3 9 789
6 2 789
3 9 790
2 6 790
6 2 790
6 2 791
2 6 791
3 9 791
6 2 792
2 6 792
2 6 793
6 2 793
2 6 794
6 2 794
2 6 795
6 2 795
2 6 796
6 2 796
6 2 797
2 6 797
6 2 798
2 6 798
2 6 799
6 2 799
2 6 800
6 2 800
6 2 801
2 6 801
6 2 802
2 6 802
6 2 803
2 6 803
2 6 804
6 2 804
2 6 805
3 9 805
6 2 805
3 9 806
6 2 806
2 6 806
6 2 807
2 6 807
3 9 807
6 2 808
2 6 808
3 9 808
6 2 809
3 9 809
2 6 809
6 2 810
2 6 810
3 9 810
6 2 811
2 6 811
3 9 811
6 2 812
2 6 812
3 9 812
2 6 813
3 9 813
6 2 813
2 6 814
3 9 814
6 2 814
3 9 815
2 6 815
6 2 815
6 2 816
3 9 816
2 6 816
6 2 817
3 9 817
2 6 817
6 2 818
2 6 818
3 9 818
6 2 819
2 6 819
3 9 819
3 9 820
2 6 820
6 2 820
6 2 821
2 6 821
3 9 821
6 2 822
2 6 822
3 9 822
3 9 823
2 6 823
6 2 823
2 6 824
3 9 824
6 2 824
3 9 825
6 2 825
2 6 825
6 2 826
3 9 826
2 6 826
3 9 827
6 2 827
2 6 827
6 2 828
3 9 828
2 6 828
2 6 829
3 9 829
6 2 829
2 6 830
6 2 830
3 2 831
2 3 831
2 3 832
3 2 832
2 3 833
3 2 833
3 2 834
2 3 834
2 3 835
3 2 835
2 3 836
3 2 836
2 3 837
3 2 837
3 2 838
2 3 838
2 3 839
3 2 839
3 2 840
2 3 840
2 3 841
3 2 841
3 2 842
2 3 842
3 2 843
2 3 843
3 2 844
2 3 844
3 2 845
2 3 845
3 2 846
2 3 846
2 3 847
3 2 847
2 3 848
3 2 848
3 2 849
2 3 849
3 2 850
2 3 850
2 3 851
3 2 851
2 3 852
3 2 852
3 2 853
2 3 853
2 3 854
3 2 854
2 3 855
3 2 855
3 2 856
2 3 856
2 3 857
3 2 857
2 3 858
3 2 858
2 3 859
3 2 859
3 2 860
2 3 860
2 3 861
3 2 861
3 2 862
2 3 862
2 3 863
3 2 863
3 2 864
2 3 864
2 3 865
3 2 865
3 2 866
2 3 866
3 2 867
2 3 867
3 2 868
2 3 868
3 2 869
2 3 869
3 2 870
2 3 870
2 3 871
3 2 871
2 3 872
3 2 872
2 3 873
3 2 873
3 2 874
2 3 874
2 3 875
3 2 875
3 2 876
2 3 876
3 2 877
2 3 877
3 2 878
2 3 878
2 3 879
3 2 879
2 3 880
3 2 880
3 2 881
2 3 881
2 3 882
3 2 882
3 2 883
2 3 883
3 2 884
2 3 884
3 2 885
2 3 885
3 2 886
2 3 886
3 2 887
2 3 887
3 2 888
2 3 888
2 3 889
3 2 889
2 3 890
3 2 890
2 3 891
3 2 891
2 3 892
3 2 892
2 3 893
3 2 893
2 3 894
3 2 894
2 3 895
3 2 895
3 2 896
2 3 896
2 3 897
3 2 897
2 3 898
3 2 898
2 3 899
3 2 899
3 2 900
2 3 900
3 2 901
2 3 901
3 2 902
2 3 902
2 3 903
3 2 903
3 2 904
2 3 904
2 3 905
3 2 905
3 2 906
2 3 906
3 2 907
2 3 907
3 2 908
2 3 908
2 3 909
3 2 909
2 3 910
3 2 910
2 3 911
3 2 911
3 2 912
2 3 912
3 2 913
2 3 913
3 2 914
2 3 914
3 2 915
2 3 915
3 2 916
2 3 916
3 2 917
2 3 917
2 3 918
3 2 918
2 3 919
3 2 919
3 2 920
2 3 920
3 2 921
2 3 921
3 2 922
2 3 922
3 2 923
2 3 923
2 3 924
3 2 924
2 3 925
3 2 925
3 2 926
2 3 926
2 3 927
3 2 927
2 3 928
3 2 928
2 3 929
3 2 929
2 3 930
3 2 930
2 3 931
2 9 931
3 2 931
2 9 932
3 2 932
2 3 932
3 2 933
2 3 933
2 9 933
2 3 934
3 2 934
2 9 934
3 2 935
2 3 935
2 9 935
3 2 936
2 9 936
2 3 936
3 2 937
2 9 937
2 3 937
2 9 938
3 2 938
2 3 938
3 2 939
2 9 939
2 3 939
3 2 940
2 3 940
2 9 940
3 2 941
2 9 941
2 3 941
2 9 942
2 3 942
3 2 942
3 2 943
2 9 943
2 3 943
3 2 944
2 3 944
2 9 944
3 2 945
2 9 945
2 3 945
3 2 946
2 9 946
2 3 946
2 9 947
2 3 947
3 2 947
2 3 948
2 9 948
3 4 948
3 2 948
4 3 948
2 3 949
4 3 949
3 2 949
2 9 949
3 4 949
2 3 950
3 4 950
2 9 950
4 3 950
3 2 950
3 4 951
2 9 951
2 3 951
4 3 951
3 2 951
3 4 952
2 9 952
2 3 952
3 2 952
4 3 952
3 2 953
4 3 953
3 4 953
2 3 953
2 9 953
3 2 954
4 3 954
2 9 954
3 4 954
2 3 954
3 2 955
4 3 955
3 4 955
2 9 955
2 3 955
3 4 956
2 3 956
2 9 956
4 3 956
3 2 956
2 3 957
3 4 957
4 3 957
3 2 957
2 9 957
3 4 958
2 9 958
2 3 958
3 2 958
4 3 958
2 9 959
3 4 959
4 3 959
3 2 959
2 3 959
2 3 960
2 9 960
3 4 960
3 2 960
4 3 960
3 2 961
2 3 961
4 3 961
3 4 961
4 3 962
3 2 962
3 4 962
2 3 962
3 4 963
3 2 963
4 3 963
2 3 963
4 3 964
3 2 964
3 4 964
2 3 964
3 2 965
4 3 965
2 3 965
3 4 965
4 3 966
3 2 966
2 3 966
3 4 966
3 4 967
2 3 967
4 3 967
3 2 967
2 3 968
3 4 968
4 3 968
3 2 968
2 3 969
3 2 969
4 3 969
3 4 969
3 4 970
2 3 970
3 2 970
4 3 970
3 2 971
4 3 971
2 3 971
3 4 971
3 2 972
3 4 972
2 3 972
4 3 972
4 3 973
3 4 973
3 2 973
2 3 973
3 2 974
4 3 974
3 4 974
2 3 974
2 3 975
3 4 975
4 3 975
3 2 975
3 2 976
2 3 976
3 4 976
4 3 976
3 4 977
4 3 977
3 2 977
2 3 977
4 3 978
2 3 978
3 4 978
3 2 978
2 3 979
3 4 979
4 3 979
3 2 979
3 4 980
2 3 980
3 2 980
4 3 980
4 3 981
3 2 981
2 3 981
3 4 981
2 3 982
3 4 982
4 3 982
3 2 982
3 4 983
2 3 983
4 3 983
3 2 983
3 4 984
2 3 984
4 3 984
3 2 984
3 2 985
2 3 985
3 4 985
4 3 985
4 3 986
3 2 986
2 3 986
2 9 986
3 4 986
4 3 987
3 2 987
3 4 987
2 9 987
2 3 987
2 3 988
3 4 988
2 9 988
3 2 988
4 3 988
3 2 989
4 3 989
2 3 989
3 4 989
2 9 989
3 2 990
4 3 990
2 3 990
3 4 990
2 9 990
4 3 991
2 3 991
3 4 991
2 9 991
3 2 991
3 2 992
3 4 992
2 9 992
2 3 992
4 3 992
3 4 993
2 3 993
2 9 993
4 3 993
3 2 993
3 2 994
4 3 994
2 9 994
3 4 994
2 3 994
2 3 995
3 4 995
4 3 995
3 2 995
3 2 996
4 3 996
2 3 996
3 4 996
4 3 997
3 4 997
2 3 997
3 2 997
4 3 998
3 4 998
6 7 998
3 2 999
4 3 999
3 4 999
6 7 999
2 3 999
4 3 1000
2 3 1000
3 4 1000
6 7 1000
3 2 1000
3 4 1001
3 2 1001
2 3 1001
4 3 1001
6 7 1001
3 2 1002
6 7 1002
2 3 1002
6 7 1003
3 2 1003
2 3 1003
6 7 1004
3 2 1004
2 3 1004
3 2 1005
6 7 1005
2 3 1005
2 9 1005
3 2 1006
2 3 1006
2 9 1006
6 7 1006
2 9 1007
3 2 1007
2 3 1007
6 7 1007
3 2 1008
6 7 1008
2 3 1008
2 9 1008
2 3 1009
6 7 1009
2 9 1009
3 2 1009
3 2 1010
2 9 1010
6 7 1010
2 3 1010
6 7 1011
2 3 1011
3 2 1011
2 3 1012
6 7 1012
3 2 1012
2 3 1013
3 2 1013
6 7 1013
6 7 1014
3 2 1014
2 3 1014
2 3 1015
6 7 1015
3 2 1015
3 2 1016
6 7 1016
2 3 1016
3 2 1017
6 7 1017
2 3 1017
3 2 1018
6 7 1018
2 3 1018
3 2 1019
2 3 1019
6 7 1019
2 3 1020
6 7 1020
3 2 1020
3 2 1021
6 7 1021
2 3 1021
6 7 1022
6 7 1023
6 7 1024
6 7 1025
6 7 1026
4 7 1027
6 7 1027
4 7 1028
6 7 1028
4 7 1029
6 7 1029
6 7 1030
4 7 1030
6 7 1031
4 7 1031
4 7 1032
6 7 1032
4 7 1033
6 7 1033
4 7 1034
6 7 1034
4 7 1035
6 7 1035
6 7 1036
4 7 1036
4 7 1037
6 7 1037
4 7 1038
6 7 1038
6 7 1039
4 7 1039
6 7 1040
4 7 1040
4 7 1041
4 7 1042
4 7 1043
2 3 1044
4 7 1044
3 2 1044
2 3 1045
4 7 1045
3 2 1045
4 7 1046
2 3 1046
3 2 1046
3 2 1047
4 3 1047
4 7 1047
3 4 1047
2 3 1047
3 2 1048
4 3 1048
3 4 1048
2 3 1048
4 7 1048
2 3 1049
3 4 1049
4 7 1049
3 2 1049
4 3 1049
3 4 1050
4 7 1050
3 2 1050
4 3 1050
2 3 1050
4 3 1051
2 3 1051
3 2 1051
4 7 1051
3 4 1051
4 7 1052
3 4 1052
3 2 1052
4 3 1052
2 3 1052
2 3 1053
3 4 1053
4 3 1053
3 2 1053
4 7 1053
4 3 1054
3 2 1054
3 4 1054
4 7 1054
2 3 1054
2 3 1055
3 4 1055
4 7 1055
4 3 1055
3 2 1055
3 4 1056
2 3 1056
4 3 1056
3 2 1056
4 7 1056
3 2 1057
4 3 1057
3 4 1057
2 3 1057
4 7 1057
3 4 1058
4 7 1058
4 3 1058
3 2 1058
2 3 1058
4 3 1059
4 7 1059
3 4 1059
3 2 1059
2 3 1059
3 2 1060
3 4 1060
2 3 1060
4 3 1060
4 7 1060
4 7 1061
3 4 1061
2 3 1061
3 2 1061
4 3 1061
4 3 1062
3 2 1062
3 4 1062
4 7 1062
2 3 1062
2 3 1063
3 4 1063
4 7 1063
3 2 1063
4 3 1063
4 7 1064
3 2 1064
4 3 1064
3 4 1064
2 3 1064
2 3 1065
4 7 1065
3 4 1065
4 3 1065
3 2 1065
2 3 1066
4 7 1066
3 4 1066
4 3 1066
3 2 1066
3 2 1067
4 3 1067
2 3 1067
3 4 1067
4 7 1067
2 3 1068
4 7 1068
3 4 1068
3 2 1068
4 3 1068
3 2 1069
4 7 1069
2 3 1069
3 4 1069
4 3 1069
4 3 1070
4 7 1070
2 3 1070
3 4 1070
3 2 1070
4 7 1071
2 3 1071
3 4 1071
3 2 1071
4 3 1071
3 4 1072
2 3 1072
4 7 1072
3 2 1072
4 3 1072
4 7 1073
3 2 1073
4 3 1073
3 4 1073
2 3 1073
3 2 1074
3 4 1074
4 3 1074
2 3 1074
4 7 1074
4 3 1075
3 4 1075
2 3 1075
4 7 1075
3 2 1075
4 3 1076
3 2 1076
3 4 1076
4 7 1076
2 3 1076
2 3 1077
4 7 1077
3 4 1077
3 2 1077
4 3 1077
2 3 1078
3 4 1078
3 2 1078
4 3 1078
4 7 1078
3 2 1079
2 3 1079
4 7 1079
3 2 1080
2 3 1080
4 7 1080
3 2 1081
2 3 1081
4 7 1081
3 2 1082
2 3 1082
4 7 1082
3 2 1083
4 7 1083
2 3 1083
4 7 1084
2 3 1084
3 2 1084
4 7 1085
2 3 1085
3 2 1085
4 7 1086
2 3 1086
3 2 1086
4 7 1087
2 3 1087
3 2 1087
2 3 1088
3 2 1088
4 7 1088
3 2 1089
4 7 1089
2 3 1089
4 7 1090
2 3 1090
3 2 1090
4 7 1091
2 3 1091
3 2 1091
2 3 1092
4 7 1092
3 2 1092
3 2 1093
4 7 1093
2 3 1093
4 7 1094
2 3 1094
3 7 1094
3 2 1094
3 2 1095
4 7 1095
2 3 1095
3 7 1095
4 7 1096
3 7 1096
2 3 1096
3 2 1096
3 2 1097
4 7 1097
2 3 1097
3 7 1097
2 3 1098
3 7 1098
3 2 1098
4 7 1098
3 2 1099
3 7 1099
4 7 1099
2 3 1099
3 2 1100
2 3 1100
4 7 1100
3 7 1100
2 3 1101
3 7 1101
3 2 1101
4 7 1101
3 7 1102
2 3 1102
3 2 1102
4 7 1102
3 2 1103
3 7 1103
4 7 1103
2 3 1103
3 2 1104
3 7 1104
4 7 1104
2 3 1104
3 2 1105
4 7 1105
2 3 1105
3 7 1105
3 7 1106
4 7 1106
3 2 1106
2 3 1106
3 2 1107
3 7 1107
2 3 1107
4 7 1107
3 7 1108
4 7 1108
2 3 1108
3 2 1108
3 2 1109
3 7 1109
2 3 1109
4 7 1109
3 7 1110
4 7 1110
3 2 1110
2 3 1110
3 7 1111
2 3 1111
4 7 1111
3 2 1111
3 2 1112
4 7 1112
2 3 1112
3 7 1112
3 2 1113
2 3 1113
3 7 1113
4 7 1113
4 7 1114
3 2 1114
3 7 1114
2 3 1114
3 7 1115
3 2 1115
2 3 1115
4 7 1115
4 7 1116
3 2 1116
3 7 1116
2 3 1116
3 7 1117
4 7 1117
2 3 1117
3 2 1117
3 2 1118
2 3 1118
4 7 1118
3 7 1118
3 2 1119
3 7 1119
4 7 1119
2 3 1119
2 3 1120
4 7 1120
3 7 1120
3 2 1120
4 7 1121
3 7 1121
2 3 1121
3 2 1121
3 2 1122
3 7 1122
4 7 1122
2 3 1122
3 2 1123
2 3 1123
3 7 1123
4 7 1123
2 3 1124
4 7 1124
3 7 1124
3 2 1124
3 7 1125
2 3 1125
4 7 1125
3 2 1125
3 2 1126
4 7 1126
2 3 1126
3 7 1126
3 7 1127
4 7 1127
2 3 1127
3 2 1127
2 3 1128
3 7 1128
3 2 1128
4 7 1128
2 3 1129
3 2 1129
3 7 1129
4 7 1129
3 2 1130
4 7 1130
3 7 1130
2 3 1130
3 7 1131
4 7 1131
3 2 1131
2 3 1131
3 7 1132
2 3 1132
3 2 1132
4 7 1132
3 2 1133
4 7 1133
2 3 1133
3 7 1133
3 7 1134
2 3 1134
4 7 1134
3 2 1134
3 2 1135
3 7 1135
2 3 1135
4 7 1135
3 2 1136
4 7 1136
2 3 1136
3 7 1136
3 7 1137
3 2 1137
4 7 1137
2 3 1137
2 3 1138
3 7 1138
4 7 1138
3 2 1138
3 7 1139
2 3 1139
4 7 1139
3 2 1139
2 3 1140
4 7 1140
3 2 1140
3 7 1140
3 2 1141
4 7 1141
3 7 1141
2 3 1141
3 2 1142
3 7 1142
4 7 1142
2 3 1142
2 3 1143
3 7 1143
3 2 1143
4 3 1143
4 7 1143
3 4 1143
3 7 1144
4 7 1144
3 2 1144
2 3 1144
3 4 1144
4 3 1144
4 3 1145
4 7 1145
3 7 1145
3 4 1145
3 2 1145
2 3 1145
3 2 1146
3 7 1146
4 7 1146
3 4 1146
4 3 1146
2 3 1146
4 7 1147
4 3 1147
3 7 1147
3 2 1147
3 4 1147
2 3 1147
3 7 1148
3 4 1148
2 3 1148
4 7 1148
4 3 1148
3 2 1148
4 7 1149
3 2 1149
4 3 1149
3 4 1149
2 3 1149
3 7 1149
3 4 1150
4 3 1150
3 2 1150
3 7 1150
4 7 1150
2 3 1150
2 3 1151
3 4 1151
4 7 1151
3 7 1151
4 3 1151
3 2 1151
4 3 1152
3 7 1152
3 2 1152
2 3 1152
3 4 1152
4 7 1152
3 2 1153
4 7 1153
3 7 1153
2 3 1153
3 4 1153
4 3 1153
4 3 1154
3 2 1154
3 4 1154
4 7 1154
2 3 1154
3 7 1154
3 2 1155
4 3 1155
3 4 1155
3 7 1155
4 7 1155
2 3 1155
2 3 1156
3 7 1156
4 7 1156
3 4 1156
4 3 1156
3 2 1156
3 2 1157
4 3 1157
2 3 1157
3 4 1157
4 7 1157
3 7 1157
3 4 1158
4 7 1158
3 7 1158
2 3 1158
3 2 1158
4 3 1158
2 3 1159
3 2 1159
4 3 1159
4 7 1159
3 4 1159
3 7 1159
4 7 1160
3 2 1160
4 3 1160
2 3 1160
3 7 1160
3 4 1160
4 3 1161
3 2 1161
3 4 1161
4 7 1161
3 7 1161
2 3 1161
2 3 1162
3 4 1162
4 7 1162
3 7 1162
3 2 1162
4 3 1162
4 7 1163
3 4 1163
2 3 1163
3 7 1163
3 2 1163
4 3 1163
4 3 1164
3 7 1164
4 7 1164
2 3 1164
3 2 1164
3 4 1164
3 7 1165
2 3 1165
3 4 1165
4 7 1165
4 3 1165
3 2 1165
2 3 1166
3 4 1166
4 7 1166
4 3 1166
3 2 1166
3 7 1166
3 2 1167
4 3 1167
3 7 1167
2 3 1167
3 4 1167
4 7 1167
3 4 1168
3 7 1168
2 3 1168
3 2 1168
4 7 1168
4 3 1168
3 2 1169
4 3 1169
3 4 1169
2 3 1169
2 7 1169
4 7 1169
3 7 1169
3 7 1170
2 3 1170
2 7 1170
3 4 1170
4 7 1170
4 3 1170
3 2 1170
3 2 1171
4 3 1171
3 7 1171
2 7 1171
2 3 1171
3 4 1171
4 7 1171
3 4 1172
3 7 1172
4 3 1172
3 2 1172
2 3 1172
4 7 1172
2 7 1172
3 2 1173
4 3 1173
3 4 1173
3 7 1173
2 7 1173
2 3 1173
4 7 1173
2 7 1174
3 2 1174
4 3 1174
3 7 1174
2 3 1174
3 4 1174
4 7 1174
3 2 1175
3 4 1175
2 7 1175
3 7 1175
2 3 1175
4 7 1175
4 3 1175
3 2 1176
3 7 1176
3 4 1176
4 7 1176
2 3 1176
2 7 1176
4 3 1176
4 7 1177
4 3 1177
3 7 1177
3 2 1177
2 7 1177
3 4 1177
2 3 1177
4 3 1178
3 2 1178
3 7 1178
3 4 1178
2 3 1178
2 7 1178
4 7 1178
4 7 1179
3 2 1179
4 3 1179
2 7 1179
3 7 1179
2 3 1179
3 4 1179
3 7 1180
3 2 1180
2 3 1180
2 7 1180
3 4 1180
4 3 1180
4 3 1181
3 2 1181
3 7 1181
3 4 1181
2 7 1181
2 3 1181
2 3 1182
3 4 1182
3 2 1182
3 7 1182
2 7 1182
4 3 1182
3 7 1183
3 2 1183
3 4 1183
2 7 1183
2 3 1183
4 3 1183
2 7 1184
3 7 1184
3 4 1184
2 3 1184
3 2 1184
4 3 1184
3 4 1185
3 2 1185
4 3 1185
2 7 1185
3 7 1185
2 3 1185
3 2 1186
3 4 1186
2 3 1186
2 7 1186
4 3 1186
3 7 1186
3 4 1187
2 3 1187
3 7 1187
2 7 1187
4 3 1187
3 2 1187
3 7 1188
2 7 1188
3 4 1188
2 3 1188
4 3 1188
3 2 1188
3 2 1189
3 7 1189
2 7 1189
2 3 1189
3 4 1189
4 3 1189
2 3 1190
3 7 1190
3 4 1190
2 7 1190
4 3 1190
3 2 1190
2 7 1191
4 3 1191
3 2 1191
4 7 1191
3 4 1191
2 3 1191
3 7 1191
4 3 1192
2 3 1192
3 7 1192
2 7 1192
3 4 1192
4 7 1192
3 2 1192
2 7 1193
3 4 1193
4 7 1193
3 7 1193
2 3 1193
4 3 1193
3 2 1193
3 7 1194
4 7 1194
2 3 1194
3 4 1194
4 3 1194
2 7 1194
3 2 1194
4 7 1195
2 3 1195
2 7 1195
3 4 1195
4 3 1195
3 2 1195
3 7 1195
3 2 1196
4 3 1196
2 7 1196
3 4 1196
3 7 1196
4 7 1196
2 3 1196
2 7 1197
3 4 1197
3 7 1197
4 7 1197
2 3 1197
3 2 1197
4 3 1197
4 3 1198
3 4 1198
2 3 1198
3 2 1198
4 7 1198
3 7 1198
2 7 1198
2 7 1199
4 3 1199
3 2 1199
2 3 1199
4 7 1199
3 7 1199
3 4 1199
2 3 1200
4 7 1200
3 4 1200
3 7 1200
3 2 1200
4 3 1200
2 7 1200
4 3 1201
2 7 1201
3 7 1201
4 7 1201
2 3 1201
3 4 1201
3 2 1201
2 7 1202
3 4 1202
2 3 1202
4 7 1202
3 2 1202
3 7 1202
4 3 1202
3 7 1203
3 4 1203
4 7 1203
2 7 1203
2 3 1203
3 2 1203
4 3 1203
2 7 1204
3 7 1204
4 7 1204
2 3 1204
3 4 1204
4 3 1204
3 2 1204
3 2 1205
4 3 1205
2 7 1205
3 4 1205
4 7 1205
2 3 1205
3 7 1205
3 2 1206
4 3 1206
2 7 1206
2 3 1206
3 4 1206
3 7 1206
4 7 1206
4 7 1207
3 2 1207
3 4 1207
2 7 1207
3 7 1207
4 3 1207
2 3 1207
3 4 1208
3 7 1208
4 3 1208
3 2 1208
4 7 1208
2 7 1208
2 3 1208
2 7 1209
4 7 1209
2 3 1209
3 2 1209
4 3 1209
3 4 1209
3 7 1209
4 7 1210
2 7 1210
2 3 1210
3 4 1210
3 7 1210
3 2 1210
4 3 1210
3 7 1211
4 3 1211
2 3 1211
4 7 1211
3 4 1211
2 7 1211
3 2 1211
3 4 1212
3 2 1212
4 3 1212
3 7 1212
4 7 1212
2 7 1212
2 3 1212
4 3 1213
2 7 1213
4 7 1213
3 7 1213
3 4 1213
3 2 1213
2 3 1213
4 7 1214
3 7 1214
2 7 1214
3 2 1214
4 3 1214
2 3 1214
3 4 1214
4 7 1215
3 4 1215
3 7 1215
2 3 1215
2 7 1215
4 3 1215
3 2 1215
3 2 1216
4 3 1216
2 7 1216
3 7 1216
4 7 1216
2 3 1216
3 4 1216
2 3 1217
2 7 1217
3 4 1217
4 7 1217
3 2 1217
4 3 1217
3 7 1217
3 2 1218
4 3 1218
2 3 1218
3 7 1218
2 7 1218
4 7 1218
3 4 1218
2 7 1219
3 4 1219
4 7 1219
2 3 1219
3 7 1219
4 3 1219
3 2 1219
3 4 1220
2 7 1220
3 7 1220
2 3 1220
3 2 1220
4 7 1220
4 3 1220
2 3 1221
4 7 1221
4 3 1221
3 2 1221
3 4 1221
3 7 1221
2 3 1222
3 4 1222
4 7 1222
3 7 1222
3 2 1222
4 3 1222
3 4 1223
3 7 1223
2 3 1223
4 7 1223
4 3 1223
3 2 1223
4 7 1224
2 3 1224
4 3 1224
3 4 1224
3 2 1224
3 7 1224
3 4 1225
4 7 1225
3 2 1225
3 7 1225
4 3 1225
2 3 1225
3 7 1226
3 4 1226
4 7 1226
3 2 1226
4 3 1226
2 3 1226
3 2 1227
3 7 1227
3 4 1227
2 3 1227
4 7 1227
4 3 1227
3 7 1228
2 3 1228
4 3 1228
3 2 1228
3 4 1228
4 7 1228
2 3 1229
3 7 1229
4 7 1229
3 4 1229
3 2 1229
4 3 1229
3 4 1230
4 7 1230
2 3 1230
3 7 1230
3 2 1230
4 3 1230
4 3 1231
3 2 1231
2 3 1231
4 7 1231
3 7 1231
3 4 1231
3 2 1232
4 3 1232
3 7 1232
2 3 1232
4 7 1232
3 4 1232
3 2 1233
4 7 1233
2 3 1233
3 7 1233
3 4 1233
4 3 1233
4 7 1234
3 2 1234
3 4 1234
2 3 1234
3 7 1234
4 3 1234
3 4 1235
3 7 1235
4 7 1235
3 2 1235
4 3 1235
2 3 1235
3 4 1236
4 7 1236
2 3 1236
3 2 1236
4 3 1236
3 7 1236
4 3 1237
3 7 1237
3 4 1237
2 3 1237
4 7 1237
3 2 1237
3 4 1238
2 3 1238
3 7 1238
4 7 1238
3 2 1238
4 3 1238
4 7 1239
2 3 1239
3 4 1239
3 7 1239
3 2 1239
4 3 1239
3 4 1240
3 7 1240
4 3 1240
3 2 1240
4 7 1240
2 3 1240
3 4 1241
2 3 1241
3 2 1241
4 3 1241
3 7 1241
4 7 1241
3 7 1242
3 2 1242
4 3 1242
2 3 1242
3 4 1242
4 7 1242
2 3 1243
3 7 1243
3 4 1243
3 2 1243
4 3 1243
4 7 1243
3 4 1244
3 7 1244
4 7 1244
2 3 1244
4 3 1244
3 2 1244
4 3 1245
3 2 1245
2 3 1245
3 4 1245
3 7 1245
4 7 1245
3 2 1246
4 3 1246
3 7 1246
4 7 1246
3 4 1246
2 3 1246
3 4 1247
2 3 1247
4 7 1247
3 7 1247
4 3 1247
3 2 1247
3 2 1248
3 4 1248
4 7 1248
3 7 1248
2 3 1248
4 3 1248
4 3 1249
3 2 1249
4 7 1249
3 7 1249
3 4 1249
2 3 1249
3 7 1250
3 2 1250
4 3 1250
3 4 1250
4 7 1250
2 3 1250
4 3 1251
2 3 1251
3 7 1251
3 4 1251
4 7 1251
3 2 1251
3 4 1252
4 7 1252
3 7 1252
2 3 1252
4 3 1252
3 2 1252
3 4 1253
4 3 1253
3 2 1253
4 7 1253
3 7 1253
2 3 1253
3 2 1254
4 3 1254
4 7 1254
3 4 1254
3 7 1254
2 3 1254
3 7 1255
4 3 1255
3 2 1255
2 3 1255
3 4 1255
4 7 1255
4 3 1256
3 2 1256
3 7 1256
3 4 1256
4 7 1256
2 3 1256
3 4 1257
3 7 1257
4 7 1257
2 3 1257
3 2 1257
4 3 1257
3 2 1258
4 3 1258
4 7 1258
2 3 1258
3 7 1258
3 4 1258
2 3 1259
4 7 1259
3 4 1259
4 3 1259
3 7 1259
3 2 1259
4 3 1260
3 4 1260
4 7 1260
2 3 1260
3 7 1260
3 2 1260
4 3 1261
3 2 1261
3 4 1261
3 7 1261
4 7 1261
2 3 1261
2 3 1262
4 7 1262
3 7 1262
3 2 1262
4 3 1262
3 4 1262
3 2 1263
3 4 1263
4 7 1263
2 3 1263
3 7 1263
4 3 1263
4 3 1264
3 2 1264
3 4 1264
3 7 1264
4 7 1264
2 3 1264
3 7 1265
4 7 1265
3 2 1265
4 3 1265
2 3 1265
3 4 1265
4 7 1266
3 7 1266
2 3 1266
3 4 1266
4 3 1266
3 2 1266
4 3 1267
3 2 1267
3 4 1267
3 7 1267
2 3 1267
4 7 1267
2 3 1268
4 7 1268
3 7 1268
3 4 1268
4 3 1268
3 2 1268
3 7 1269
3 4 1269
4 7 1269
2 3 1269
3 2 1269
4 3 1269
3 7 1270
3 2 1270
4 3 1270
3 4 1270
4 7 1270
2 3 1270
2 3 1271
4 7 1271
3 7 1271
3 4 1271
4 3 1271
3 2 1271
3 7 1272
3 4 1272
4 3 1272
3 2 1272
4 7 1272
2 3 1272
4 7 1273
3 2 1273
4 3 1273
3 7 1273
2 3 1273
3 4 1273
3 4 1274
3 7 1274
3 2 1274
4 3 1274
2 3 1274
4 7 1274
3 7 1275
2 3 1275
3 2 1275
4 7 1275
4 3 1275
3 4 1275
4 7 1276
3 7 1276
2 3 1276
3 4 1276
3 2 1276
4 3 1276
3 7 1277
4 3 1277
3 4 1277
2 3 1277
4 7 1277
3 2 1277
3 2 1278
4 3 1278
3 4 1278
4 7 1278
2 3 1278
3 7 1278
3 7 1279
3 2 1279
2 3 1279
3 4 1279
4 3 1279
2 3 1280
3 7 1280
3 4 1280
3 2 1280
4 3 1280
3 4 1281
2 3 1281
3 7 1281
3 2 1281
4 3 1281
3 4 1282
2 3 1282
3 7 1282
4 3 1282
3 2 1282
3 2 1283
3 4 1283
3 7 1283
2 3 1283
4 3 1283
3 2 1284
4 3 1284
2 3 1284
3 4 1284
3 7 1284
2 3 1285
4 3 1285
3 4 1285
3 7 1285
3 2 1285
3 4 1286
2 3 1286
3 7 1286
3 2 1286
4 3 1286
3 4 1287
3 2 1287
2 3 1287
4 3 1287
3 7 1287
3 7 1288
3 4 1288
4 3 1288
2 3 1288
3 2 1288
4 3 1289
3 2 1289
3 4 1289
3 7 1289
2 3 1289
3 2 1290
3 4 1290
2 3 1290
3 7 1290
4 3 1290
2 3 1291
3 7 1291
3 4 1291
4 3 1291
3 2 1291
4 3 1292
3 2 1292
3 4 1292
3 7 1292
2 3 1292
3 7 1293
4 3 1293
3 2 1293
2 3 1293
3 4 1293
3 7 1294
2 3 1294
3 4 1294
3 2 1294
4 3 1294
3 2 1295
4 3 1295
3 4 1295
3 7 1295
2 3 1295
3 4 1296
3 7 1296
2 3 1296
4 3 1296
3 2 1296
4 3 1297
3 4 1297
2 3 1297
3 7 1297
3 2 1297
3 7 1298
3 2 1298
3 4 1298
2 3 1298
4 3 1298
3 2 1299
3 7 1299
2 3 1299
3 2 1300
3 7 1300
2 3 1300
3 2 1301
2 9 1301
3 7 1301
2 3 1301
3 2 1302
2 3 1302
3 7 1302
2 9 1302
3 2 1303
2 3 1303
2 9 1303
3 7 1303
2 3 1304
2 9 1304
3 7 1304
3 2 1304
2 3 1305
2 9 1305
3 7 1305
3 2 1305
2 9 1306
3 7 1306
2 3 1306
3 2 1306
3 2 1307
3 7 1307
2 9 1307
2 3 1307
3 2 1308
3 7 1308
2 9 1308
2 3 1308
3 2 1309
2 3 1309
3 7 1309
2 9 1309
3 7 1310
2 9 1310
2 3 1310
3 2 1310
3 7 1311
2 9 1311
2 3 1311
3 2 1311
3 2 1312
2 3 1312
2 9 1312
3 7 1312
3 2 1313
3 7 1313
2 9 1313
2 3 1313
3 2 1314
3 7 1314
2 3 1314
2 9 1314
3 2 1315
2 3 1315
2 9 1315
3 7 1315
2 9 1316
2 3 1316
3 7 1316
3 2 1316
3 2 1317
2 3 1317
2 9 1317
3 7 1317
3 2 1318
2 3 1318
3 7 1318
2 9 1318
2 9 1319
3 7 1319
3 2 1319
2 3 1319
2 3 1320
3 2 1320
2 9 1320
3 7 1320
3 2 1321
2 3 1321
2 9 1321
3 7 1321
3 7 1322
3 2 1322
2 3 1322
2 9 1322
3 2 1323
2 3 1323
2 9 1323
3 7 1323
3 7 1324
2 3 1324
2 9 1324
3 2 1324
2 9 1325
3 7 1325
4 7 1325
2 9 1326
4 7 1326
3 7 1326
4 1 1327
2 9 1327
3 7 1327
1 4 1327
4 7 1327
4 7 1328
2 9 1328
3 7 1328
1 4 1328
4 1 1328
2 9 1329
4 7 1329
3 7 1329
1 4 1329
4 1 1329
4 7 1330
3 7 1330
2 9 1330
1 4 1330
4 1 1330
4 1 1331
4 7 1331
1 4 1331
2 9 1331
3 7 1331
4 1 1332
4 7 1332
2 9 1332
1 4 1332
3 7 1332
4 7 1333
2 9 1333
1 4 1333
4 1 1333
4 1 1334
1 4 1334
2 9 1334
4 7 1334
1 4 1335
4 1 1335
2 9 1335
4 7 1335
4 1 1336
4 7 1336
2 9 1336
1 4 1336
2 9 1337
4 7 1337
4 1 1337
1 4 1337
2 9 1338
1 4 1338
4 1 1338
4 7 1338
1 4 1339
2 9 1339
4 1 1339
4 7 1339
2 9 1340
1 4 1340
4 7 1340
4 1 1340
4 7 1341
4 1 1341
2 9 1341
1 4 1341
4 7 1342
2 9 1342
4 1 1342
1 4 1342
1 4 1343
4 1 1343
4 7 1343
2 9 1343
3 7 1343
2 9 1344
3 7 1344
4 1 1344
4 7 1344
1 4 1344
3 7 1345
2 9 1345
4 7 1345
4 1 1345
1 4 1345
4 1 1346
3 7 1346
2 9 1346
1 4 1346
4 7 1346
1 4 1347
2 9 1347
4 7 1347
4 1 1347
3 7 1347
4 7 1348
1 4 1348
2 9 1348
3 7 1348
4 1 1348
4 1 1349
4 7 1349
1 4 1349
3 7 1349
2 9 1349
4 1 1350
2 9 1350
1 4 1350
3 7 1350
3 7 1351
2 9 1351
1 4 1351
4 1 1351
2 9 1352
1 4 1352
3 7 1352
4 1 1352
1 4 1353
3 7 1353
2 9 1353
4 1 1353
4 1 1354
3 7 1354
1 4 1354
2 9 1354
4 1 1355
1 4 1355
3 7 1355
2 9 1355
3 7 1356
4 1 1356
2 9 1356
1 4 1356
2 9 1357
1 4 1357
4 1 1357
3 7 1357
3 7 1358
2 9 1358
4 1 1358
1 4 1358
4 1 1359
1 4 1359
2 9 1359
3 7 1359
4 1 1360
3 7 1360
1 4 1360
2 9 1360
3 7 1361
2 9 1361
4 1 1361
1 4 1361
4 1 1362
2 9 1362
3 7 1362
1 4 1362
3 7 1363
1 4 1363
2 9 1363
4 1 1363
1 4 1364
3 7 1364
4 1 1364
2 9 1364
4 1 1365
3 7 1365
1 4 1365
2 9 1365
2 3 1365
3 2 1365
1 4 1366
3 7 1366
2 9 1366
2 3 1366
4 1 1366
3 2 1366
2 3 1367
4 1 1367
3 2 1367
2 9 1367
3 7 1367
1 4 1367
4 1 1368
2 9 1368
1 4 1368
3 2 1368
2 3 1368
2 9 1369
2 3 1369
3 2 1369
1 4 1369
4 1 1369
4 1 1370
3 2 1370
2 3 1370
1 4 1370
2 9 1370
1 4 1371
2 9 1371
2 3 1371
4 1 1371
3 2 1371
1 4 1372
4 1 1372
3 2 1372
2 9 1372
2 3 1372
4 1 1373
3 2 1373
2 3 1373
2 9 1373
1 4 1373
2 3 1374
2 9 1374
3 2 1374
4 1 1374
1 4 1374
2 9 1375
1 4 1375
2 3 1375
3 2 1375
4 1 1375
2 3 1376
1 4 1376
4 1 1376
3 2 1376
2 9 1376
1 4 1377
2 9 1377
2 3 1377
4 1 1377
3 2 1377
2 9 1378
2 3 1378
3 2 1378
4 1 1379
3 2 1379
2 3 1379
1 4 1379
2 9 1379
4 1 1380
1 4 1380
2 3 1380
2 9 1380
3 2 1380
2 9 1381
1 4 1381
4 1 1381
2 9 1382
4 1 1382
1 4 1382
4 1 1383
1 4 1383
2 9 1383
1 4 1384
4 1 1384
2 9 1384
2 9 1385
4 1 1385
1 4 1385
1 4 1386
4 1 1386
2 9 1386
4 1 1387
1 4 1387
2 9 1387
1 4 1388
2 9 1388
4 1 1388
4 1 1389
2 9 1389
1 4 1389
4 1 1390
1 4 1390
2 9 1390
4 1 1391
1 4 1391
2 9 1391
1 4 1392
2 9 1392
4 1 1392
1 4 1393
2 9 1393
4 1 1393
2 9 1394
1 4 1394
4 1 1394
1 4 1395
2 9 1395
4 1 1395
4 1 1396
2 9 1396
1 4 1396
1 4 1397
2 9 1397
4 1 1397
2 9 1398
1 4 1398
4 1 1398
2 9 1399
1 4 1399
4 1 1399
1 4 1400
2 9 1400
4 1 1400
1 4 1401
4 1 1401
2 9 1401
1 4 1402
2 9 1402
4 1 1402
1 4 1403
2 9 1403
4 1 1403
2 9 1404
1 4 1404
4 1 1404
4 1 1405
1 4 1405
2 9 1405
2 9 1406
1 4 1406
4 1 1406
4 1 1407
1 4 1407
2 9 1407
4 1 1408
2 9 1408
1 4 1408
1 4 1409
4 1 1409
2 9 1409
1 4 1410
2 9 1410
4 1 1410
4 1 1411
1 4 1411
2 9 1411
1 4 1412
4 1 1412
2 9 1412
1 4 1413
2 9 1413
4 1 1413
1 4 1414
2 9 1414
4 1 1414
1 4 1415
2 9 1415
4 1 1415
1 4 1416
2 9 1416
4 1 1416
1 4 1417
4 1 1417
2 9 1417
4 1 1418
2 9 1418
1 4 1418
4 1 1419
2 9 1419
1 4 1419
1 4 1420
2 9 1420
4 1 1420
4 1 1421
2 9 1421
1 4 1421
4 1 1422
1 4 1422
2 9 1422
4 1 1423
2 9 1423
1 4 1423
4 1 1424
1 4 1424
2 9 1424
1 4 1425
2 9 1425
4 1 1425
4 1 1426
1 4 1426
2 9 1426
4 1 1427
2 9 1427
1 4 1427
1 4 1428
4 1 1428
2 9 1428
4 1 1429
2 9 1429
1 4 1429
1 4 1430
2 9 1430
4 1 1430
2 9 1431
4 1 1431
1 4 1431
1 4 1432
4 1 1432
2 9 1432
1 4 1433
2 9 1433
4 1 1433
4 1 1434
1 4 1434
2 9 1434
2 9 1435
4 1 1435
1 4 1435
1 4 1436
2 9 1436
4 1 1436
2 9 1437
4 1 1437
1 4 1437
1 4 1438
2 9 1438
4 1 1438
4 1 1439
1 4 1439
2 9 1439
4 1 1440
2 9 1440
1 4 1440
2 9 1441
1 4 1441
4 1 1441
4 1 1442
2 9 1442
1 4 1442
4 1 1443
2 9 1443
1 4 1443
2 9 1444
4 1 1444
1 4 1444
4 1 1445
2 9 1445
1 4 1445
4 1 1446
1 4 1446
2 9 1446
2 9 1447
1 4 1447
4 1 1447
1 4 1448
2 9 1448
4 1 1448
2 9 1449
1 4 1449
4 1 1449
1 4 1450
2 9 1450
4 1 1450
1 4 1451
2 9 1451
4 1 1451
4 1 1452
1 4 1452
2 9 1452
2 9 1453
1 4 1453
4 1 1453
4 1 1454
2 9 1454
1 4 1454
6 7 1454
4 1 1455
2 9 1455
1 4 1455
6 7 1455
1 4 1456
6 7 1456
2 9 1456
4 1 1456
4 1 1457
1 4 1457
6 7 1457
2 9 1457
4 1 1458
2 9 1458
1 4 1458
6 7 1458
4 1 1459
1 4 1459
6 7 1459
2 9 1459
2 9 1460
6 7 1460
1 4 1460
4 1 1460
4 1 1461
6 7 1461
2 9 1461
1 4 1461
2 9 1462
6 7 1462
1 4 1462
4 1 1462
2 9 1463
1 4 1463
4 1 1463
6 7 1463
2 9 1464
6 7 1464
2 9 1465
6 7 1465
6 7 1466
6 7 1467
6 7 1468
6 7 1469
6 7 1470
6 7 1471
6 7 1472
6 7 1473
6 7 1474
6 7 1475
6 7 1476
6 7 1477
6 7 1478
6 7 1479
6 7 1480
6 7 1481
6 7 1482
6 7 1483
6 7 1484
6 7 1485
8 9 1485
8 9 1486
6 7 1486
6 7 1487
8 9 1487
6 7 1488
8 9 1488
6 7 1489
8 9 1489
8 9 1490
6 7 1490
6 7 1491
8 9 1491
8 9 1492
6 7 1492
6 7 1493
8 9 1493
8 9 1494
8 9 1495
8 9 1496
8 9 1497
8 9 1498
8 9 1499
8 9 1500
8 9 1501
8 9 1502
4 7 1502
4 7 1503
8 9 1503
8 9 1504
4 7 1504
4 7 1505
8 9 1505
8 9 1506
4 7 1506
4 7 1507
8 9 1507
4 7 1508
8 9 1508
4 7 1509
8 9 1509
8 9 1510
4 7 1510
8 9 1511
4 7 1511
4 7 1512
8 9 1512
4 7 1513
8 9 1513
4 7 1514
8 9 1514
8 9 1515
4 7 1515
4 7 1516
8 9 1516
8 9 1517
4 7 1517
8 9 1518
4 7 1518
3 4 1518
4 3 1518
8 9 1519
4 7 1519
8 9 1520
4 7 1520
4 7 1521
8 9 1521
8 9 1522
4 7 1522
4 7 1523
8 9 1523
8 9 1524
4 7 1524
4 7 1525
8 9 1525
4 7 1526
8 9 1526
8 9 1527
4 7 1527
8 9 1528
4 7 1528
8 9 1529
4 7 1529
8 9 1530
4 7 1530
4 7 1531
3 1 1531
8 9 1531
1 3 1531
8 9 1532
1 3 1532
4 7 1532
3 1 1532
4 7 1533
1 3 1533
8 9 1533
3 1 1533
1 3 1534
8 9 1534
4 7 1534
3 1 1534
3 1 1535
8 9 1535
1 3 1535
4 7 1535
4 7 1536
8 9 1536
1 3 1536
3 1 1536
3 1 1537
1 3 1537
8 9 1537
4 7 1537
3 1 1538
8 9 1538
1 3 1538
4 7 1538
8 9 1539
3 1 1539
4 7 1539
1 3 1539
4 7 1540
1 3 1540
3 1 1540
8 9 1540
3 1 1541
1 3 1541
8 9 1541
4 7 1541
3 1 1542
8 9 1542
1 3 1542
4 7 1542
1 3 1543
3 1 1543
8 9 1543
4 7 1543
3 1 1544
8 9 1544
1 3 1544
4 7 1544
3 1 1545
1 3 1545
8 9 1545
4 7 1545
8 9 1546
1 3 1546
4 7 1546
3 1 1546
3 1 1547
1 3 1547
8 9 1547
4 7 1547
1 3 1548
8 9 1548
4 7 1548
3 1 1548
8 9 1549
4 7 1549
4 7 1550
8 9 1550
8 9 1551
4 7 1551
8 9 1552
4 7 1552
8 9 1553
4 7 1553
8 9 1554
4 7 1554
8 9 1555
3 1 1555
1 3 1555
4 7 1555
3 1 1556
1 3 1556
8 9 1556
4 7 1556
8 9 1557
1 3 1557
4 7 1557
3 1 1557
8 9 1558
1 3 1558
3 1 1558
4 7 1558
8 9 1559
4 7 1559
1 3 1559
3 1 1559
3 1 1560
1 3 1560
4 7 1560
8 9 1560
4 7 1561
1 3 1561
8 9 1561
3 1 1561
8 9 1562
4 7 1562
3 1 1562
1 3 1562
3 1 1563
1 3 1563
8 9 1563
4 7 1563
3 1 1564
4 7 1564
8 9 1564
1 3 1564
3 1 1565
8 9 1565
1 3 1565
4 7 1565
3 1 1566
4 7 1566
8 9 1566
1 3 1566
1 3 1567
8 9 1567
4 7 1567
3 1 1567
3 1 1568
1 3 1568
4 7 1568
8 9 1568
3 1 1569
8 9 1569
4 7 1569
1 3 1569
3 1 1570
1 3 1570
4 7 1570
1 7 1570
8 9 1570
4 7 1571
3 1 1571
1 7 1571
8 9 1571
1 3 1571
3 1 1572
1 3 1572
4 7 1572
8 9 1572
1 7 1572
1 3 1573
1 7 1573
8 9 1573
4 7 1573
3 1 1573
4 7 1574
1 7 1574
1 3 1574
8 9 1574
3 1 1574
3 1 1575
4 7 1575
1 3 1575
1 7 1575
8 9 1575
8 9 1576
1 3 1576
1 7 1576
3 1 1576
4 7 1576
8 9 1577
1 3 1577
3 1 1577
1 7 1577
4 7 1577
3 1 1578
1 3 1578
4 7 1578
1 7 1578
8 9 1578
4 7 1579
8 9 1579
1 7 1579
1 3 1579
3 1 1579
1 7 1580
8 9 1580
1 3 1580
4 7 1580
3 1 1580
8 9 1581
1 3 1581
1 7 1581
4 7 1581
3 1 1581
3 1 1582
1 3 1582
8 9 1582
4 7 1582
1 7 1582
1 7 1583
3 1 1583
8 9 1583
4 7 1583
1 3 1583
3 1 1584
1 3 1584
1 7 1584
8 9 1584
4 7 1584
1 3 1585
1 7 1585
8 9 1585
4 7 1585
3 1 1585
3 1 1586
1 3 1586
4 7 1586
8 9 1586
3 7 1586
1 7 1586
8 9 1587
4 7 1587
1 7 1587
3 7 1587
8 9 1588
3 7 1588
4 7 1588
1 7 1588
4 7 1589
1 7 1589
3 7 1589
8 9 1589
8 9 1590
4 7 1590
3 7 1590
1 7 1590
3 7 1591
8 9 1591
1 7 1591
1 7 1592
3 7 1592
8 9 1592
1 7 1593
3 7 1593
8 9 1593
1 7 1594
3 7 1594
8 9 1594
3 7 1595
1 7 1595
8 9 1595
1 7 1596
8 9 1596
3 7 1596
3 7 1597
8 9 1597
1 7 1597
3 7 1598
1 7 1598
8 9 1598
3 7 1599
8 9 1599
1 7 1599
1 7 1600
3 7 1600
8 9 1600
1 7 1601
8 9 1601
3 7 1601
8 9 1602
1 7 1602
3 7 1602
3 7 1603
1 7 1603
8 9 1603
1 7 1604
3 7 1604
1 7 1605
3 7 1605
1 7 1606
3 7 1606
1 7 1607
3 7 1607
1 7 1608
4 7 1609
1 7 1609
1 7 1610
4 7 1610
1 7 1611
4 7 1611
1 7 1612
4 7 1612
4 7 1613
1 7 1613
4 7 1614
1 7 1614
4 7 1615
1 7 1615
4 7 1616
3 1 1617
1 3 1617
4 7 1617
3 1 1618
1 3 1618
4 7 1618
3 1 1619
1 3 1619
4 7 1619
3 1 1620
1 3 1620
4 7 1620
1 3 1621
3 1 1621
4 7 1621
3 1 1622
4 7 1622
1 3 1622
3 1 1623
4 7 1623
1 3 1623
3 1 1624
4 7 1624
1 3 1624
1 3 1625
4 7 1625
3 1 1625
1 3 1626
3 1 1626
4 7 1626
4 7 1627
1 3 1627
3 1 1627
1 3 1628
4 7 1628
3 1 1628
1 3 1629
4 7 1629
3 1 1629
1 3 1630
4 7 1630
3 1 1630
3 1 1631
4 7 1631
1 3 1631
3 1 1632
1 3 1632
4 7 1632
3 1 1633
4 7 1633
1 3 1633
4 7 1634
3 1 1634
1 3 1634
3 1 1635
4 7 1635
1 3 1635
4 7 1636
1 3 1636
3 1 1636
1 3 1637
4 7 1637
3 1 1637
3 1 1638
4 7 1638
1 3 1638
4 7 1639
1 3 1639
3 1 1639
3 1 1640
1 3 1640
1 3 1641
3 1 1641
1 3 1642
3 1 1642
3 1 1643
1 3 1643
3 1 1644
1 3 1644
3 1 1645
1 3 1645
3 1 1646
1 3 1646
1 3 1647
3 1 1647
3 1 1648
1 3 1648
1 3 1649
3 1 1649
3 1 1650
1 3 1650
1 3 1651
3 1 1651
1 3 1652
3 1 1652
3 1 1653
1 3 1653
3 1 1654
1 3 1654
3 1 1655
1 3 1655
1 3 1656
3 1 1656
1 3 1657
3 1 1657
1 3 1658
3 1 1658
1 3 1659
3 1 1659
1 3 1660
1 4 1660
4 1 1660
3 1 1660
1 3 1661
3 1 1661
1 3 1662
3 1 1662
1 3 1663
3 1 1663
1 3 1664
3 1 1664
3 1 1665
1 3 1665
3 1 1666
1 3 1666
1 3 1667
3 1 1667
1 3 1668
3 1 1668
3 1 1669
1 3 1669
1 3 1670
3 1 1670
3 1 1671
1 3 1671
3 1 1672
1 3 1672
3 1 1673
1 3 1673
1 3 1674
3 1 1674
1 3 1675
3 1 1675
7 9 1676
1 3 1676
3 1 1676
9 7 1676
9 7 1677
3 1 1677
1 3 1677
7 9 1677
3 1 1678
9 7 1678
1 3 1678
7 9 1678
1 3 1679
7 9 1679
9 7 1679
3 1 1679
9 7 1680
7 9 1680
9 7 1681
7 9 1681
9 7 1682
7 9 1682
9 7 1683
7 9 1683
9 7 1684
7 9 1684
7 9 1685
9 7 1685
7 9 1686
9 7 1686
7 9 1687
9 7 1687
7 9 1688
9 7 1688
7 9 1689
9 7 1689
9 7 1690
7 9 1690
7 9 1691
9 7 1691
7 9 1692
9 7 1692
7 9 1693
9 7 1693
9 7 1694
7 9 1694
9 7 1695
7 9 1695
7 9 1696
9 7 1696
7 9 1697
9 7 1697
7 9 1698
9 7 1698
7 9 1699
9 7 1699
9 7 1700
7 9 1700
9 7 1701
7 9 1701
9 7 1702
7 9 1702
7 9 1703
9 7 1703
9 7 1704
7 9 1704
9 7 1705
7 9 1705
7 9 1706
9 7 1706
7 9 1707
9 7 1707
7 9 1708
9 7 1708
9 7 1709
7 9 1709
7 9 1710
9 7 1710
7 9 1711
9 7 1711
7 9 1712
9 7 1712
9 7 1713
7 9 1713
7 9 1714
9 7 1714
7 9 1715
9 7 1715
9 7 1716
7 9 1716
7 9 1717
9 7 1717
9 7 1718
7 9 1718
7 9 1719
9 7 1719
7 9 1720
9 7 1720
7 9 1721
9 7 1721
7 9 1722
9 7 1722
9 7 1723
7 9 1723
9 7 1724
7 9 1724
9 7 1725
7 9 1725
9 7 1726
7 9 1726
9 7 1727
7 9 1727
9 7 1728
7 9 1728
9 7 1729
7 9 1729
7 9 1730
9 7 1730
9 7 1731
7 9 1731
7 9 1732
9 7 1732
7 9 1733
9 7 1733
7 9 1734
9 7 1734
7 9 1735
9 7 1735
9 7 1736
7 9 1736
7 9 1737
9 7 1737
7 9 1738
9 7 1738
9 7 1739
7 9 1739
7 9 1740
9 7 1740
9 7 1741
7 9 1741
7 9 1742
9 7 1742
7 9 1743
9 7 1743
7 9 1744
9 7 1744
7 9 1745
9 7 1745
7 9 1746
9 7 1746
7 9 1747
9 7 1747
9 7 1748
7 9 1748
9 7 1749
7 9 1749
7 9 1750
9 7 1750
7 9 1751
9 7 1751
7 9 1752
9 7 1752
7 9 1753
9 7 1753
7 9 1754
9 7 1754
9 7 1755
7 9 1755
7 8 1755
8 9 1755
8 9 1756
9 7 1756
7 9 1756
7 8 1756
7 9 1757
7 8 1757
8 9 1757
9 7 1757
7 9 1758
9 7 1758
8 9 1758
7 8 1758
8 9 1759
9 7 1759
7 8 1759
7 9 1759
8 9 1760
7 8 1760
7 9 1760
9 7 1760
7 9 1761
8 9 1761
7 8 1761
9 7 1761
8 9 1762
7 8 1762
7 9 1762
9 7 1762
8 9 1763
7 8 1763
7 9 1763
9 7 1763
8 9 1764
9 7 1764
7 9 1764
7 8 1764
9 7 1765
7 8 1765
7 9 1765
8 9 1765
7 9 1766
9 7 1766
7 8 1766
8 9 1766
9 7 1767
8 9 1767
7 8 1767
7 9 1767
9 7 1768
7 8 1768
7 9 1768
8 9 1768
7 8 1769
9 7 1769
7 9 1769
8 9 1769
9 7 1770
8 9 1770
7 8 1770
7 9 1770
8 9 1771
9 7 1771
7 8 1771
7 9 1771
9 7 1772
7 8 1772
7 9 1772
8 9 1772
7 8 1773
7 9 1773
8 9 1773
9 7 1773
7 9 1774
8 9 1774
7 8 1774
9 7 1774
9 7 1775
8 9 1775
7 8 1775
7 9 1775
7 9 1776
7 8 1776
8 9 1776
9 7 1776
8 9 1777
9 7 1777
7 9 1777
7 8 1777
8 9 1778
7 8 1778
9 7 1778
7 9 1778
7 8 1779
7 9 1779
8 9 1779
9 7 1779
7 8 1780
7 9 1780
8 9 1780
9 7 1780
9 7 1781
7 9 1781
8 9 1781
7 8 1781
9 7 1782
8 9 1782
7 8 1782
7 9 1782
8 9 1783
7 8 1783
7 9 1783
9 7 1783
9 7 1784
7 8 1784
8 9 1784
7 9 1784
9 7 1785
7 9 1785
7 8 1785
8 9 1785
9 7 1786
7 9 1786
7 8 1786
8 9 1786
7 8 1787
7 8 1788
7 8 1789
7 8 1790
7 8 1791
7 8 1792
7 8 1793
