7 8 0
7 8 1
7 8 2
7 8 3
7 8 4
7 8 5
7 8 6
7 8 7
7 8 8
7 8 9
7 8 10
7 8 11
7 8 12
7 8 13
7 8 14
7 8 15
7 8 16
4 8 17
8 4 17
7 8 17
4 8 18
8 4 18
7 8 18
4 8 19
8 4 19
7 8 19
8 4 20
7 8 20
4 8 20
4 8 21
4 7 21
8 4 21
7 8 21
4 8 22
7 8 22
8 4 22
4 7 22
8 4 23
4 7 23
7 8 23
4 8 23
4 8 24
4 7 24
7 8 24
8 4 24
7 8 25
8 4 25
4 7 25
4 8 25
8 4 26
7 8 26
4 7 26
4 8 26
8 4 27
4 7 27
7 8 27
4 8 27
7 8 28
4 8 28
4 7 28
8 4 28
8 4 29
7 8 29
4 8 29
4 7 29
4 7 30
4 8 30
7 8 30
8 4 30
4 7 31
7 8 31
4 8 31
8 4 31
8 4 32
4 8 32
7 8 32
4 7 32
4 8 33
7 8 33
4 7 33
8 4 33
8 4 34
4 7 34
7 8 34
4 8 34
4 8 35
4 7 35
7 8 35
4 6 35
6 4 35
8 4 35
4 7 36
4 8 36
6 4 36
8 4 36
4 6 36
7 8 36
4 7 37
6 4 37
4 6 37
7 8 37
4 7 38
7 8 38
6 4 38
4 6 38
4 7 39
7 8 39
6 4 39
4 6 39
6 4 40
4 7 40
7 8 40
4 6 40
6 4 41
4 7 41
4 6 41
7 8 41
6 4 42
7 8 42
4 6 42
6 4 43
4 6 43
7 8 43
4 6 44
6 4 44
7 8 44
6 7 44
6 4 45
7 8 45
4 6 45
6 7 45
6 7 46
6 4 46
7 8 46
4 6 46
6 7 47
6 4 47
4 6 47
7 8 47
4 6 48
6 7 48
6 4 48
7 8 48
6 4 49
7 8 49
4 6 49
6 7 49
4 6 50
7 8 50
6 4 50
6 4 51
7 8 51
4 6 51
7 8 52
4 6 52
6 4 52
6 4 53
7 8 53
4 6 53
4 6 54
6 4 54
4 6 55
6 4 55
5 6 138
6 5 138
6 5 139
5 6 139
6 5 140
5 6 140
6 5 141
5 6 141
6 5 142
5 6 142
6 5 143
5 6 143
5 6 144
6 5 144
6 5 145
5 6 145
6 5 146
5 6 146
6 5 147
5 6 147
5 6 148
6 5 148
5 6 149
6 5 149
6 5 150
5 6 150
6 5 151
5 6 151
5 6 152
6 5 152
6 5 153
5 6 153
6 5 154
5 6 154
5 6 155
6 5 155
6 5 156
5 6 156
6 5 157
5 6 157
6 5 158
5 6 158
5 6 159
6 5 159
5 6 160
6 5 160
5 6 161
6 5 161
5 6 162
6 5 162
6 5 163
5 6 163
5 6 164
6 5 164
6 5 165
5 6 165
5 6 166
6 5 166
6 5 167
5 6 167
6 5 168
5 6 168
6 5 169
5 6 169
6 5 170
5 6 170
6 5 171
5 6 171
6 5 172
5 6 172
6 5 173
5 6 173
6 5 174
5 6 174
6 5 175
5 6 175
6 5 176
5 6 176
6 5 177
5 6 177
5 6 178
6 5 178
6 5 179
5 6 179
5 6 180
6 5 180
5 6 181
6 5 181
6 5 182
5 6 182
5 6 183
6 5 183
5 6 184
6 5 184
6 5 185
5 6 185
5 6 186
6 5 186
5 6 187
6 5 187
5 6 188
6 5 188
6 5 189
5 6 189
5 6 190
6 5 190
6 5 191
5 6 191
5 6 192
6 5 192
5 6 193
6 5 193
6 5 194
5 6 194
5 6 195
6 5 195
5 6 196
6 5 196
5 6 197
6 5 197
5 6 198
6 5 198
5 6 199
6 5 199
5 6 200
6 5 200
5 6 201
6 5 201
6 5 202
5 6 202
5 6 203
6 5 203
6 5 204
5 6 204
6 5 205
5 6 205
6 5 206
5 6 206
5 6 207
6 5 207
6 5 208
5 6 208
6 5 209
5 6 209
5 6 210
6 5 210
6 5 211
5 6 211
5 6 212
6 5 212
5 6 213
6 5 213
5 6 214
6 5 214
5 6 215
6 5 215
5 6 216
6 5 216
6 5 217
5 6 217
5 6 218
6 5 218
5 6 219
6 5 219
3 5 233
3 5 234
3 5 235
3 5 236
3 5 237
3 5 238
3 5 239
3 5 240
3 5 241
3 5 242
3 5 243
3 5 244
3 5 245
3 5 246
3 5 247
3 5 248
3 5 249
3 5 250
3 5 251
3 5 252
3 5 253
3 5 254
3 5 255
3 5 256
3 5 257
3 5 258
3 5 259
3 5 260
3 5 261
3 5 262
3 5 263
3 5 264
1 2 298
2 1 298
1 2 299
2 1 299
1 2 300
2 1 300
1 2 301
2 1 301
2 1 302
1 2 302
2 1 303
1 2 303
2 1 304
1 2 304
2 1 305
1 2 305
2 1 306
1 2 306
2 1 307
1 2 307
2 1 308
1 2 308
2 1 309
1 2 309
2 1 310
1 2 310
1 2 311
2 1 311
2 1 312
1 2 312
2 1 313
1 2 313
2 1 314
1 2 314
2 1 315
1 2 315
2 1 316
1 2 316
1 2 317
2 1 317
1 2 318
2 1 318
2 1 319
1 2 319
2 1 320
1 2 320
1 2 321
3 7 321
2 1 321
2 1 322
1 2 322
3 7 322
2 1 323
1 2 323
3 7 323
1 2 324
2 1 324
3 7 324
2 1 325
1 2 325
3 7 325
1 2 326
3 7 326
2 1 326
3 7 327
3 7 328
3 7 329
3 7 330
3 7 331
3 7 332
3 7 333
3 7 334
3 7 335
3 7 336
3 7 337
3 7 338
3 7 339
3 7 340
3 7 341
3 7 342
3 7 343
3 7 344
3 7 345
3 7 346
3 7 347
3 7 348
3 7 349
3 7 350
3 7 351
3 7 352
5 7 414
5 7 415
5 7 416
5 7 417
5 7 418
5 7 419
5 7 420
5 7 421
5 7 422
5 7 423
5 7 424
5 7 425
5 7 426
1 4 432
4 1 432
1 4 433
4 1 433
1 4 434
4 1 434
4 1 435
1 4 435
4 1 436
1 4 436
4 1 437
1 4 437
4 1 438
1 4 438
1 4 439
4 1 439
1 4 440
4 1 440
1 4 441
4 1 441
4 1 442
1 4 442
5 7 442
4 1 443
5 7 443
1 4 443
4 1 444
1 4 444
5 7 444
4 1 445
5 7 445
1 4 445
1 4 446
5 7 446
4 1 446
4 1 447
5 7 447
1 4 447
5 7 448
4 1 448
1 4 448
4 1 449
1 4 449
5 7 449
4 1 450
1 4 450
5 7 450
4 1 451
1 4 451
5 7 451
4 1 452
5 7 452
1 4 452
5 7 453
1 4 453
4 1 453
5 6 454
5 7 454
4 1 454
6 5 454
1 4 454
1 4 455
5 7 455
5 6 455
4 1 455
6 5 455
6 5 456
5 7 456
5 6 456
6 5 457
5 6 457
5 7 457
6 5 458
6 7 458
5 6 458
5 7 458
6 5 459
6 7 459
5 6 459
5 7 459
6 5 460
6 7 460
5 7 460
5 6 460
6 7 461
5 6 461
5 7 461
6 5 461
6 5 462
5 7 462
6 7 462
5 6 462
6 5 463
5 6 463
6 7 463
5 7 463
6 7 464
5 7 464
6 7 465
5 7 465
6 7 466
5 7 466
6 7 467
6 7 468
6 7 469
6 7 470
6 7 471
6 7 472
1 2 489
2 1 489
1 2 490
2 1 490
1 2 491
2 1 491
2 1 492
1 2 492
1 2 493
2 1 493
2 1 494
1 2 494
1 2 495
2 1 495
2 1 496
1 2 496
2 1 497
1 2 497
2 1 498
1 2 498
1 2 499
2 1 499
1 2 500
2 1 500
2 1 501
1 2 501
2 1 502
1 2 502
2 1 503
1 2 503
2 1 504
1 2 504
1 2 505
2 1 505
1 2 506
2 1 506
1 2 507
2 1 507
2 1 508
1 2 508
2 1 509
1 2 509
1 2 510
2 1 510
3 7 528
8 1 529
3 7 529
1 8 529
1 8 530
3 7 530
8 1 530
3 7 531
1 8 531
8 1 531
1 8 532
8 1 532
3 7 532
1 8 533
8 1 533
3 7 533
1 8 534
3 7 534
8 1 534
3 7 535
8 1 535
1 8 535
3 7 536
1 8 536
8 1 536
8 1 537
1 8 537
3 7 537
8 1 538
1 8 538
3 7 538
8 1 539
1 8 539
3 7 539
8 1 540
3 7 540
1 8 540
1 8 541
3 7 541
8 1 541
1 8 542
3 7 542
8 1 542
3 7 543
1 8 543
8 1 543
1 8 544
3 7 544
8 1 544
1 8 545
3 7 545
8 1 545
1 8 546
3 7 546
8 1 546
3 7 547
1 8 547
8 1 547
1 8 548
3 7 548
8 1 548
3 7 549
1 8 549
8 1 549
8 1 550
1 8 550
3 7 550
3 7 551
1 8 551
8 1 551
1 8 552
8 1 552
3 7 552
8 1 553
1 8 553
3 7 553
3 7 554
1 8 554
8 1 554
3 7 555
3 7 556
3 7 557
3 7 558
3 6 577
3 6 578
3 6 579
3 6 580
3 6 581
3 6 582
3 6 583
3 6 584
3 6 585
3 6 586
3 6 587
3 6 588
3 6 589
3 6 590
3 6 591
3 6 592
3 6 593
1 2 595
2 1 595
1 2 596
2 1 596
2 1 597
3 7 597
1 2 597
2 1 598
1 2 598
3 7 598
1 2 599
3 7 599
2 1 599
2 1 600
3 7 600
1 2 600
2 1 601
1 2 601
3 7 601
2 1 602
1 2 602
3 7 602
3 7 603
1 2 604
2 1 604
3 7 604
3 7 605
2 1 605
1 2 605
3 7 606
3 7 607
3 7 608
3 7 609
3 7 610
3 7 611
3 7 612
3 7 613
3 7 614
3 7 615
3 7 616
3 7 617
3 7 618
3 7 619
3 7 620
3 7 621
3 7 622
3 7 623
3 7 624
3 7 625
3 7 626
3 7 627
3 7 628
3 7 629
3 7 630
3 7 631
3 7 632
3 7 633
3 7 634
3 7 635
3 7 636
3 7 637
3 7 638
3 7 639
3 7 640
3 7 641
3 7 642
3 7 643
3 7 644
3 7 645
3 7 646
3 7 647
1 2 690
2 1 690
1 2 692
2 1 692
2 1 693
1 2 693
2 1 694
1 2 694
2 1 695
1 2 695
2 1 696
1 2 696
2 1 697
1 2 697
2 1 698
1 2 698
1 2 699
2 1 699
2 1 700
1 2 700
1 2 701
2 1 701
2 1 702
1 2 702
2 1 703
1 2 703
2 1 704
1 2 704
2 1 705
1 2 705
1 2 706
2 1 706
1 2 707
2 1 707
1 2 708
2 1 708
1 6 767
6 1 767
6 1 768
1 6 768
1 6 769
6 1 769
6 1 770
1 6 770
6 1 771
1 6 771
6 1 772
1 6 772
1 6 773
6 1 773
1 6 774
6 1 774
1 6 775
6 1 775
1 6 776
6 1 776
6 1 777
1 6 777
6 1 778
1 6 778
6 1 779
1 6 779
6 1 780
1 6 780
1 6 781
6 1 781
6 1 782
1 6 782
6 1 783
1 6 783
1 6 784
6 1 784
1 6 785
6 1 785
1 6 786
6 1 786
1 6 835
6 1 835
1 6 836
6 1 836
1 6 837
6 1 837
6 1 838
1 6 838
1 6 839
6 1 839
6 1 840
1 6 840
1 6 841
6 1 841
1 6 842
6 1 842
6 1 843
1 6 843
1 6 844
6 1 844
6 1 845
1 6 845
6 1 846
1 6 846
6 1 847
1 6 847
6 1 848
1 6 848
1 6 849
6 1 849
6 1 850
1 6 850
6 1 851
1 6 851
1 6 852
6 1 852
1 6 853
6 1 853
1 6 854
6 1 854
1 6 855
6 1 855
6 1 856
1 6 856
1 6 857
6 1 857
1 6 858
6 1 858
1 6 859
6 1 859
1 6 860
6 1 860
1 6 861
6 1 861
6 1 862
1 6 862
6 1 863
1 6 863
1 6 864
6 1 864
1 6 865
6 1 865
1 6 866
6 1 866
6 1 867
1 6 867
1 6 868
6 1 868
6 1 869
1 6 869
6 1 870
1 6 870
6 1 871
1 6 871
6 1 872
1 6 872
6 1 873
1 6 873
6 1 874
1 6 874
6 1 875
1 6 875
1 6 876
6 1 876
6 1 877
1 6 877
1 6 878
6 1 878
6 1 879
1 6 879
6 1 880
1 6 880
6 1 881
1 6 881
1 6 882
6 1 882
6 1 883
1 6 883
1 6 884
6 1 884
6 1 885
1 6 885
6 1 886
1 6 886
1 6 887
6 1 887
1 6 888
6 1 888
6 1 889
1 6 889
6 1 890
1 6 890
1 6 891
6 1 891
1 6 892
6 1 892
1 6 893
6 1 893
6 1 894
1 6 894
1 6 895
6 1 895
6 1 896
1 6 896
6 1 897
1 6 897
1 6 898
6 1 898
1 6 899
6 1 899
6 1 900
1 6 900
6 1 901
1 6 901
6 1 902
1 6 902
1 6 903
6 1 903
1 6 904
6 1 904
1 6 905
6 1 905
1 6 906
6 1 906
1 6 907
6 1 907
6 1 908
1 6 908
6 1 909
1 6 909
1 6 910
6 1 910
1 6 911
6 1 911
6 1 912
1 6 912
1 6 913
6 1 913
1 6 914
6 1 914
6 1 915
1 6 915
6 1 916
1 6 916
6 1 917
1 6 917
1 6 918
6 1 918
6 1 919
1 6 919
1 7 965
1 7 966
1 7 967
1 6 968
1 7 968
6 1 968
6 1 969
1 7 969
1 6 969
6 1 970
1 7 970
1 6 970
6 1 971
1 6 971
1 7 971
1 6 972
1 7 972
6 1 972
6 1 973
1 6 973
1 7 973
6 1 974
1 6 974
1 7 974
2 6 975
1 6 975
1 7 975
6 1 975
6 2 975
6 1 976
2 6 976
1 6 976
1 7 976
6 2 976
6 2 977
6 1 977
1 6 977
1 7 977
2 6 977
2 6 978
1 7 978
6 2 978
1 7 979
2 6 979
6 2 979
1 7 980
6 2 980
2 6 980
1 7 981
2 6 981
6 2 981
1 7 982
2 6 982
6 7 982
6 2 982
2 6 983
6 7 983
1 7 983
6 2 983
6 2 984
6 7 984
1 7 984
2 6 984
6 2 985
1 7 985
2 6 985
6 7 985
6 7 986
1 7 986
2 6 986
6 2 986
6 2 987
2 6 987
6 2 988
2 6 988
6 2 989
2 6 989
2 6 990
6 2 990
2 6 991
6 2 991
3 6 1031
3 6 1032
3 6 1033
3 6 1034
3 6 1035
3 6 1036
3 6 1037
3 6 1038
3 6 1039
3 6 1040
3 6 1041
3 6 1042
3 6 1043
3 7 1133
3 7 1134
3 7 1135
3 7 1136
3 7 1137
3 7 1138
3 7 1139
3 7 1140
3 7 1141
3 7 1142
3 7 1143
3 7 1144
3 7 1145
3 7 1146
3 7 1147
3 7 1148
3 7 1149
3 7 1150
3 7 1151
3 7 1152
3 7 1153
3 7 1154
3 7 1155
3 7 1156
3 7 1157
3 7 1158
3 7 1159
3 7 1160
3 7 1161
3 7 1162
3 7 1163
3 7 1164
3 7 1165
3 7 1166
3 7 1167
3 7 1168
3 7 1169
3 7 1170
3 7 1171
3 7 1172
3 7 1173
3 7 1174
3 7 1175
3 7 1176
3 7 1177
3 7 1178
3 7 1179
3 7 1180
3 7 1181
3 7 1182
3 7 1183
3 7 1184
3 7 1185
3 7 1186
3 7 1187
3 7 1188
3 7 1189
3 7 1190
3 7 1191
3 7 1192
3 7 1193
3 7 1194
3 7 1195
2 6 1252
6 2 1252
2 6 1253
6 2 1253
2 6 1254
6 2 1254
2 6 1255
6 2 1255
2 6 1256
6 2 1256
2 6 1257
6 2 1257
2 6 1258
6 2 1258
6 2 1259
2 6 1259
6 2 1373
2 6 1373
6 2 1374
2 6 1374
6 2 1375
2 6 1375
6 2 1376
2 6 1376
6 2 1377
2 6 1377
2 6 1378
6 2 1378
6 2 1379
2 6 1379
6 2 1380
2 6 1380
6 2 1381
2 6 1381
6 2 1382
2 6 1382
6 2 1383
2 6 1383
2 6 1384
6 2 1384
2 6 1385
6 2 1385
2 6 1386
6 2 1386
2 6 1387
6 2 1387
6 2 1388
2 6 1388
2 6 1389
6 2 1389
2 6 1390
6 2 1390
2 6 1391
6 2 1391
6 2 1392
2 6 1392
6 2 1393
2 6 1393
2 6 1394
6 2 1394
2 6 1395
6 2 1395
6 2 1396
2 6 1396
6 2 1397
2 6 1397
6 2 1398
2 6 1398
6 2 1399
2 6 1399
6 2 1400
2 6 1400
2 6 1401
6 2 1401
2 6 1402
6 2 1402
6 2 1403
2 6 1403
6 2 1404
2 6 1404
6 2 1405
2 6 1405
6 2 1406
2 6 1406
6 2 1407
2 6 1407
6 2 1408
2 6 1408
6 2 1409
2 6 1409
6 2 1410
2 6 1410
6 2 1411
2 6 1411
2 6 1412
6 2 1412
2 6 1413
6 2 1413
2 6 1414
6 2 1414
2 6 1415
6 2 1415
6 2 1416
2 6 1416
2 6 1417
6 2 1417
2 6 1418
6 2 1418
2 6 1419
6 2 1419
6 2 1420
2 6 1420
2 6 1421
6 2 1421
2 6 1422
6 2 1422
2 6 1423
6 2 1423
2 6 1424
6 2 1424
6 2 1425
2 6 1425
2 6 1426
6 2 1426
2 6 1427
6 2 1427
2 6 1428
6 2 1428
2 6 1429
6 2 1429
6 2 1430
2 6 1430
6 2 1431
2 6 1431
6 2 1432
2 6 1432
6 2 1433
2 6 1433
2 6 1434
6 2 1434
6 2 1435
2 6 1435
6 2 1436
2 6 1436
6 2 1437
2 6 1437
6 2 1438
2 6 1438
2 6 1439
6 2 1439
6 2 1440
2 6 1440
2 6 1441
6 2 1441
6 2 1442
2 6 1442
6 2 1443
2 6 1443
2 6 1444
6 2 1444
6 2 1445
2 6 1445
6 2 1446
2 6 1446
6 2 1447
2 6 1447
6 2 1448
2 6 1448
2 6 1449
6 2 1449
6 2 1450
2 6 1450
2 6 1451
6 2 1451
6 2 1452
2 6 1452
6 2 1453
2 6 1453
6 2 1454
2 6 1454
6 2 1455
2 6 1455
6 2 1456
2 6 1456
6 2 1457
2 6 1457
2 6 1458
6 2 1458
2 6 1459
6 2 1459
2 6 1460
6 2 1460
6 2 1461
2 6 1461
2 6 1462
6 2 1462
6 2 1463
2 6 1463
6 2 1464
2 6 1464
2 6 1465
6 2 1465
6 2 1466
2 6 1466
6 2 1467
2 6 1467
6 2 1468
2 6 1468
6 2 1469
2 6 1469
6 2 1470
2 6 1470
6 2 1471
2 6 1471
2 6 1472
6 2 1472
2 6 1473
6 2 1473
2 6 1474
6 2 1474
6 2 1475
2 6 1475
6 2 1476
2 6 1476
6 2 1477
2 6 1477
2 6 1478
6 2 1478
2 6 1479
6 2 1479
6 2 1480
2 6 1480
2 6 1481
6 2 1481
2 6 1482
6 2 1482
6 2 1483
2 6 1483
2 6 1484
6 2 1484
2 6 1485
6 2 1485
2 6 1486
6 2 1486
2 6 1487
6 2 1487
2 6 1488
6 2 1488
2 6 1489
6 2 1489
2 6 1490
6 2 1490
2 6 1491
6 2 1491
6 2 1492
2 6 1492
2 6 1493
6 2 1493
6 2 1494
2 6 1494
2 6 1495
6 2 1495
6 2 1496
2 6 1496
6 2 1497
2 6 1497
6 2 1498
2 6 1498
6 2 1499
2 6 1499
6 2 1500
2 6 1500
2 6 1501
6 2 1501
2 6 1502
6 2 1502
6 2 1503
2 6 1503
6 2 1504
2 6 1504
6 2 1505
2 6 1505
2 6 1506
6 2 1506
6 2 1507
2 6 1507
2 6 1508
6 2 1508
2 6 1509
6 2 1509
6 2 1510
2 6 1510
2 6 1511
6 2 1511
2 6 1512
6 2 1512
2 6 1513
6 2 1513
2 6 1514
6 2 1514
2 6 1515
6 2 1515
2 6 1516
6 2 1516
6 2 1517
2 6 1517
2 6 1518
6 2 1518
6 2 1519
2 6 1519
6 2 1520
2 6 1520
6 2 1521
2 6 1521
6 2 1522
2 6 1522
6 2 1523
2 6 1523
6 2 1524
2 6 1524
6 2 1525
2 6 1525
2 6 1526
6 2 1526
2 6 1527
6 2 1527
2 6 1528
6 2 1528
2 6 1529
6 2 1529
2 6 1530
6 2 1530
6 2 1531
2 6 1531
2 6 1532
6 2 1532
2 6 1533
6 2 1533
6 2 1534
2 6 1534
2 6 1535
6 2 1535
6 2 1536
2 6 1536
6 2 1537
2 6 1537
6 2 1538
2 6 1538
2 6 1539
6 2 1539
6 2 1540
2 6 1540
6 2 1541
2 6 1541
6 2 1542
2 6 1542
6 2 1543
2 6 1543
2 6 1544
6 2 1544
6 2 1545
2 6 1545
6 2 1546
2 6 1546
6 2 1547
2 6 1547
6 2 1548
2 6 1548
6 2 1549
2 6 1549
6 2 1550
2 6 1550
2 6 1551
6 2 1551
2 6 1552
6 2 1552
6 2 1553
2 6 1553
6 2 1554
2 6 1554
6 2 1555
2 6 1555
6 2 1556
2 6 1556
2 6 1557
6 2 1557
6 2 1558
2 6 1558
2 6 1559
6 2 1559
2 6 1560
6 2 1560
2 6 1561
6 2 1561
2 6 1562
6 2 1562
2 6 1563
6 2 1563
6 2 1564
2 6 1564
6 2 1565
2 6 1565
2 6 1566
6 2 1566
2 6 1567
6 2 1567
2 6 1568
6 2 1568
6 2 1569
2 6 1569
2 6 1570
6 2 1570
6 2 1571
2 6 1571
2 6 1572
6 2 1572
6 2 1573
2 6 1573
2 6 1574
6 2 1574
6 2 1575
2 6 1575
6 2 1576
2 6 1576
2 6 1577
6 2 1577
2 6 1578
6 2 1578
2 6 1579
6 2 1579
2 6 1580
6 2 1580
6 2 1581
2 6 1581
6 2 1582
2 6 1582
6 2 1583
2 6 1583
2 6 1584
6 2 1584
2 6 1585
6 2 1585
2 6 1586
6 2 1586
2 6 1587
6 2 1587
2 6 1588
6 2 1588
6 2 1589
2 6 1589
2 6 1590
6 2 1590
2 6 1591
6 2 1591
6 2 1592
2 6 1592
2 6 1593
6 2 1593
6 2 1594
2 6 1594
6 2 1595
2 6 1595
6 2 1596
2 6 1596
2 6 1597
6 2 1597
6 2 1598
2 6 1598
6 2 1599
2 6 1599
2 6 1600
6 2 1600
2 6 1601
6 2 1601
6 2 1602
2 6 1602
6 2 1603
2 6 1603
6 2 1604
2 6 1604
2 6 1605
6 2 1605
6 2 1606
2 6 1606
6 2 1607
2 6 1607
2 6 1608
6 2 1608
2 6 1609
6 2 1609
2 6 1610
6 2 1610
6 2 1611
2 6 1611
2 6 1612
6 2 1612
6 2 1613
2 6 1613
2 6 1614
6 2 1614
6 2 1615
2 6 1615
2 6 1616
6 2 1616
2 6 1617
6 2 1617
2 6 1618
6 2 1618
2 6 1619
6 2 1619
2 6 1620
6 2 1620
2 6 1621
6 2 1621
6 2 1622
2 6 1622
6 2 1623
2 6 1623
6 2 1624
2 6 1624
6 2 1625
2 6 1625
6 2 1626
2 6 1626
6 2 1627
2 6 1627
6 2 1628
2 6 1628
2 6 1629
6 2 1629
6 2 1630
2 6 1630
6 2 1631
2 6 1631
2 6 1632
6 2 1632
2 6 1633
6 2 1633
6 2 1634
2 6 1634
6 2 1635
2 6 1635
6 2 1636
2 6 1636
2 6 1637
6 2 1637
6 7 1654
6 7 1655
6 7 1656
6 7 1657
6 7 1658
6 7 1659
6 7 1660
6 2 1660
2 6 1660
2 6 1661
2 7 1661
6 7 1661
6 2 1661
6 7 1662
2 6 1662
2 7 1662
6 2 1662
6 2 1663
6 7 1663
2 7 1663
2 6 1663
6 7 1664
2 7 1664
2 6 1664
6 2 1664
6 7 1665
2 6 1665
6 2 1665
2 7 1665
2 6 1666
6 2 1666
2 6 1667
6 2 1667
