2 7 0
7 2 0
2 7 1
7 2 1
4 2 2
5 3 2
7 3 2
7 2 2
7 4 2
3 2 2
4 3 2
4 7 2
3 4 2
2 3 2
2 4 2
3 5 2
3 7 2
2 7 2
7 4 3
4 2 3
7 2 3
5 3 3
7 3 3
3 2 3
5 4 3
8 4 3
8 7 3
4 7 3
4 8 3
2 7 3
2 8 3
3 4 3
2 4 3
7 8 3
3 5 3
3 7 3
2 3 3
4 5 3
8 2 3
4 3 3
7 6 4
7 3 4
7 2 4
6 2 4
6 3 4
5 3 4
7 4 4
6 4 4
8 7 4
6 5 4
5 4 4
4 3 4
4 2 4
8 4 4
3 2 4
8 2 4
9 6 4
7 8 4
6 7 4
4 6 4
1 9 4
5 6 4
4 5 4
3 4 4
2 4 4
2 8 4
4 8 4
4 7 4
3 5 4
3 6 4
2 6 4
2 7 4
3 7 4
2 3 4
6 9 4
7 8 5
2 5 5
3 4 5
4 8 5
6 7 5
3 5 5
4 6 5
3 6 5
3 7 5
2 8 5
5 6 5
2 3 5
2 6 5
1 9 5
2 4 5
4 7 5
2 7 5
4 5 5
7 2 5
6 2 5
3 2 5
6 5 5
8 2 5
7 3 5
6 3 5
4 2 5
6 4 5
5 3 5
7 6 5
7 4 5
4 3 5
8 7 5
5 2 5
8 4 5
5 4 5
4 2 6
2 3 6
5 2 6
6 4 6
7 6 6
7 3 6
5 4 6
4 3 6
5 3 6
7 2 6
6 2 6
8 7 6
8 4 6
6 3 6
7 4 6
3 2 6
6 5 6
8 2 6
4 7 6
3 6 6
4 5 6
3 7 6
6 7 6
4 6 6
1 9 6
2 5 6
2 4 6
4 8 6
3 5 6
3 4 6
2 7 6
5 6 6
2 6 6
7 8 6
2 8 6
1 9 7
4 7 7
4 5 7
7 8 7
7 4 7
2 4 7
6 7 7
3 7 7
2 3 7
3 6 7
3 4 7
5 6 7
2 7 7
2 6 7
4 6 7
2 5 7
5 4 7
6 4 7
6 2 7
5 3 7
8 7 7
4 2 7
7 6 7
3 2 7
7 3 7
6 3 7
4 3 7
3 5 7
7 2 7
5 2 7
6 5 7
6 4 8
4 2 8
7 3 8
7 4 8
1 9 8
3 2 8
4 3 8
8 7 8
5 3 8
6 2 8
6 5 8
6 3 8
3 7 8
5 2 8
5 4 8
7 6 8
2 4 8
4 6 8
3 4 8
2 5 8
7 8 8
3 5 8
6 7 8
2 7 8
4 5 8
2 3 8
3 6 8
5 6 8
7 2 8
4 7 8
2 6 8
6 7 9
5 6 9
3 2 9
6 4 9
4 2 9
7 6 9
6 5 9
8 2 9
7 2 9
6 2 9
8 7 9
7 3 9
5 4 9
6 3 9
5 3 9
4 3 9
7 4 9
3 7 9
2 7 9
2 6 9
7 8 9
4 5 9
4 7 9
3 6 9
2 8 9
3 5 9
1 9 9
2 4 9
4 6 9
2 3 9
3 4 9
6 2 10
7 6 10
3 2 10
4 6 10
4 5 10
1 9 10
2 7 10
3 5 10
3 7 10
8 2 10
7 8 10
4 3 10
5 6 10
6 3 10
2 4 10
3 6 10
4 7 10
3 4 10
2 8 10
6 4 10
6 7 10
2 6 10
2 3 10
7 4 10
7 2 10
4 2 10
6 5 10
7 3 10
5 3 10
5 4 10
8 7 10
2 6 11
1 9 11
4 6 11
2 3 11
5 6 11
7 8 11
3 6 11
6 7 11
2 7 11
4 7 11
2 4 11
2 8 11
8 7 11
7 4 11
6 2 11
7 6 11
6 4 11
7 2 11
6 5 11
3 2 11
3 4 11
4 2 11
4 3 11
6 3 11
7 3 11
5 3 11
3 5 11
3 7 11
8 2 11
3 7 12
4 7 12
3 6 12
2 6 12
3 4 12
5 6 12
2 7 12
2 3 12
2 8 12
6 7 12
2 4 12
1 9 12
7 8 12
6 5 12
4 3 12
6 2 12
6 3 12
7 4 12
7 3 12
6 4 12
7 2 12
3 2 12
8 2 12
7 6 12
4 2 12
3 5 12
5 3 12
4 6 12
8 7 12
2 6 13
3 4 13
3 6 13
3 7 13
2 8 13
4 7 13
7 8 13
2 3 13
5 6 13
4 8 13
2 7 13
4 6 13
7 4 13
1 9 13
3 8 13
7 2 13
8 4 13
6 5 13
3 2 13
8 7 13
8 2 13
7 3 13
6 3 13
4 3 13
6 2 13
6 4 13
4 2 13
2 4 13
8 3 13
3 7 14
2 3 14
3 8 14
3 4 14
3 6 14
4 6 14
2 8 14
2 6 14
7 8 14
4 8 14
2 7 14
4 7 14
1 9 14
2 4 14
4 3 14
6 3 14
6 2 14
8 3 14
3 2 14
7 3 14
8 7 14
8 4 14
7 2 14
8 2 14
4 2 14
7 4 14
6 4 14
2 8 15
3 6 15
4 8 15
2 7 15
4 7 15
2 3 15
3 8 15
6 4 15
1 9 15
8 2 15
6 3 15
8 4 15
7 2 15
7 4 15
3 2 15
8 3 15
7 3 15
6 2 15
8 7 15
4 3 15
4 2 15
2 6 15
3 7 15
7 8 15
3 4 15
4 6 15
2 4 15
6 4 16
6 2 16
8 4 16
7 3 16
3 2 16
7 4 16
4 3 16
8 2 16
8 3 16
8 7 16
4 2 16
7 2 16
2 6 16
2 4 16
4 6 16
2 7 16
3 8 16
2 8 16
1 9 16
3 4 16
7 8 16
2 3 16
3 7 16
4 8 16
4 7 16
6 4 17
8 2 17
4 2 17
4 3 17
8 4 17
8 7 17
5 3 17
7 2 17
3 2 17
2 8 17
3 7 17
4 7 17
4 6 17
7 4 17
8 3 17
7 3 17
6 2 17
3 8 17
3 5 17
7 8 17
4 8 17
2 3 17
1 9 17
3 4 17
2 6 17
2 4 17
2 7 17
3 5 18
4 7 18
7 4 18
8 3 18
4 3 18
8 7 18
6 4 18
4 2 18
7 2 18
8 2 18
8 4 18
5 3 18
7 3 18
3 8 18
7 8 18
3 4 18
3 7 18
2 3 18
4 8 18
3 2 18
1 9 18
2 7 18
2 4 18
4 6 18
2 8 18
4 7 19
3 5 19
4 8 19
3 8 19
2 8 19
4 6 19
3 7 19
2 7 19
2 4 19
1 9 19
7 8 19
2 3 19
3 4 19
7 2 19
5 3 19
8 4 19
3 2 19
4 2 19
4 3 19
7 4 19
8 2 19
8 7 19
6 4 19
7 3 19
8 3 19
8 7 20
4 3 20
7 3 20
6 4 20
8 3 20
8 2 20
4 2 20
3 2 20
7 4 20
7 2 20
5 3 20
2 7 20
8 4 20
4 7 20
3 4 20
3 7 20
4 6 20
7 8 20
3 8 20
3 5 20
1 9 20
2 3 20
2 4 20
2 8 20
4 8 20
3 8 21
4 6 21
4 2 21
2 4 21
1 9 21
2 8 21
3 4 21
7 8 21
3 5 21
3 7 21
6 4 21
8 4 21
8 3 21
4 8 21
2 7 21
7 2 21
4 3 21
4 5 21
2 3 21
4 7 21
8 2 21
5 4 21
5 6 21
7 4 21
6 5 21
7 3 21
5 3 21
8 7 21
3 2 21
8 3 22
4 5 22
3 8 22
4 7 22
4 8 22
3 4 22
2 3 22
1 9 22
4 6 22
8 4 22
7 4 22
2 7 22
3 7 22
5 4 22
3 5 22
7 3 22
4 2 22
5 3 22
8 2 22
6 5 22
8 7 22
2 4 22
3 2 22
7 2 22
4 3 22
6 4 22
2 8 22
5 6 22
7 8 22
4 5 23
3 8 23
3 4 23
2 4 23
8 3 23
4 3 23
4 2 23
7 3 23
6 5 23
8 4 23
7 2 23
5 4 23
8 2 23
6 4 23
3 2 23
7 4 23
8 7 23
1 9 23
3 7 23
5 6 23
4 8 23
4 7 23
2 3 23
4 6 23
2 8 23
2 7 23
7 8 23
4 8 24
2 8 24
4 6 24
3 7 24
4 5 24
5 6 24
8 2 24
5 4 24
7 3 24
2 3 24
6 4 24
4 2 24
8 4 24
8 3 24
7 4 24
8 7 24
7 2 24
4 3 24
3 2 24
2 4 24
6 5 24
4 7 24
3 4 24
3 8 24
7 8 24
2 7 24
7 3 25
8 3 25
6 5 25
3 2 25
8 2 25
4 2 25
8 7 25
8 4 25
7 4 25
5 4 25
4 3 25
3 4 25
6 4 25
4 8 25
7 8 25
2 4 25
2 8 25
2 3 25
5 6 25
3 8 25
3 7 25
4 6 25
2 7 25
4 5 25
4 7 25
7 2 25
8 7 26
4 8 26
4 6 26
5 6 26
4 2 26
3 2 26
7 3 26
6 5 26
6 4 26
8 4 26
5 4 26
7 4 26
7 2 26
8 3 26
4 3 26
7 8 26
8 2 26
4 5 26
2 4 26
3 7 26
2 3 26
4 7 26
2 7 26
3 8 26
3 4 26
2 8 26
3 7 27
2 7 27
7 8 27
4 7 27
6 5 27
2 8 27
5 6 27
4 5 27
2 4 27
4 8 27
3 4 27
3 8 27
8 2 27
4 3 27
5 4 27
7 3 27
7 2 27
7 4 27
8 7 27
8 4 27
4 6 27
8 3 27
6 4 27
4 2 27
3 8 28
4 5 28
5 6 28
2 7 28
2 8 28
3 7 28
4 6 28
7 2 28
4 8 28
4 2 28
2 4 28
4 7 28
7 8 28
7 3 28
3 4 28
8 2 28
6 4 28
4 3 28
8 3 28
5 4 28
6 5 28
8 7 28
7 4 28
8 4 28
3 8 29
7 8 29
5 6 29
8 7 29
6 4 29
2 7 29
4 7 29
4 5 29
4 6 29
3 4 29
4 3 29
5 4 29
7 4 29
7 2 29
7 3 29
8 4 29
3 7 29
4 2 29
6 5 29
2 8 29
8 2 29
2 4 29
8 3 29
4 8 29
4 6 30
2 4 30
3 4 30
5 6 30
2 8 30
4 8 30
2 7 30
7 8 30
3 7 30
7 4 30
5 4 30
7 3 30
8 7 30
7 2 30
8 4 30
8 2 30
4 3 30
4 2 30
6 4 30
6 5 30
4 7 30
4 5 30
2 8 31
6 5 31
8 4 31
6 4 31
7 4 31
7 2 31
4 2 31
8 7 31
5 4 31
4 3 31
7 3 31
8 2 31
4 6 31
4 7 31
2 7 31
2 4 31
7 8 31
4 5 31
5 6 31
3 4 31
3 7 31
4 8 31
8 2 32
7 3 32
4 2 32
6 4 32
2 8 32
4 3 32
8 7 32
3 4 32
7 4 32
2 4 32
6 5 32
3 7 32
7 8 32
4 7 32
5 6 32
4 8 32
4 6 32
8 4 32
7 3 33
8 4 33
6 3 33
7 4 33
8 7 33
4 6 33
2 4 33
4 8 33
3 6 33
4 7 33
7 8 33
5 6 33
2 8 33
3 7 33
6 4 33
6 5 33
8 2 33
4 2 33
2 4 34
5 6 34
4 6 34
3 6 34
7 8 34
2 8 34
6 4 34
3 7 34
7 3 34
8 2 34
8 7 34
6 3 34
4 8 34
6 5 34
4 2 34
8 4 34
2 8 35
3 6 35
3 7 35
5 6 35
2 4 35
7 8 35
4 6 35
4 8 35
8 7 35
4 2 35
6 5 35
7 3 35
6 3 35
8 2 35
8 4 35
6 4 35
2 4 36
6 3 36
7 8 36
7 3 36
4 6 36
8 4 36
8 7 36
6 4 36
8 2 36
4 2 36
3 7 36
4 8 36
5 6 36
3 6 36
2 8 36
6 5 36
5 6 37
3 6 37
3 7 37
2 4 37
2 8 37
6 5 37
6 3 37
7 3 37
8 2 37
8 4 37
4 2 37
6 4 37
4 6 37
4 8 37
3 6 38
7 8 38
5 6 38
2 4 38
4 8 38
3 7 38
2 8 38
4 6 38
8 4 38
6 4 38
8 2 38
7 3 38
6 3 38
4 2 38
6 5 38
8 7 38
3 7 39
4 2 39
8 4 39
6 3 39
6 5 39
7 3 39
8 2 39
6 4 39
2 8 39
8 7 39
5 6 39
3 6 39
4 8 39
2 4 39
7 8 39
4 6 39
6 4 40
7 3 40
8 2 40
6 5 40
8 4 40
7 2 40
4 2 40
8 7 40
6 3 40
4 8 40
2 4 40
5 6 40
2 8 40
2 7 40
7 6 40
6 7 40
3 7 40
7 8 40
3 6 40
4 6 40
8 7 41
6 3 41
7 3 41
6 5 41
7 6 41
7 2 41
8 2 41
4 2 41
6 4 41
2 8 41
4 6 41
3 6 41
2 7 41
3 7 41
5 6 41
6 7 41
2 4 41
7 8 41
3 6 42
2 8 42
4 6 42
3 7 42
7 8 42
2 7 42
6 3 42
8 2 42
7 2 42
2 4 42
4 2 42
6 5 42
8 7 42
7 3 42
6 4 42
5 6 42
3 6 43
2 7 43
7 8 43
4 6 43
2 4 43
5 6 43
3 7 43
2 8 43
7 2 43
8 2 43
7 3 43
6 3 43
8 7 43
6 4 43
4 2 43
6 5 43
4 6 44
7 3 44
3 7 44
4 2 44
8 2 44
2 4 44
2 8 44
2 7 44
6 3 44
3 6 44
7 8 44
7 2 44
6 5 44
8 7 44
6 4 44
5 6 44
4 2 45
7 3 45
6 5 45
8 7 45
4 6 45
8 2 45
2 4 45
3 6 45
7 8 45
3 7 45
5 6 45
7 2 45
6 3 45
2 8 45
6 4 45
2 7 45
8 2 46
7 3 46
7 2 46
6 3 46
6 5 46
2 8 46
6 4 46
8 7 46
7 8 46
3 7 46
2 7 46
3 6 46
5 6 46
4 6 46
4 6 47
8 7 47
6 5 47
6 4 47
6 3 47
8 2 47
2 8 47
3 6 47
7 2 47
7 8 47
3 7 47
2 7 47
7 3 47
5 6 47
2 7 48
3 6 48
2 8 48
5 6 48
3 7 48
8 2 48
6 5 48
7 3 48
6 4 48
4 6 48
7 2 48
6 3 48
3 6 49
2 8 49
3 7 49
8 2 49
6 5 49
6 3 49
7 3 49
5 6 49
3 6 50
2 4 50
2 6 50
6 4 50
7 3 50
4 2 50
6 2 50
4 6 50
8 2 50
2 8 50
3 7 50
6 3 50
2 8 51
6 3 51
2 6 51
8 2 51
4 2 51
6 4 51
6 2 51
4 6 51
2 4 51
3 6 51
7 3 52
3 6 52
3 7 52
2 6 52
4 6 52
2 4 52
4 2 52
6 4 52
6 2 52
8 2 52
6 3 52
2 8 52
2 6 53
3 6 53
5 6 53
6 3 53
7 3 53
6 4 53
8 2 53
6 2 53
4 6 53
3 7 53
6 5 53
2 8 53
7 3 54
2 8 54
8 2 54
6 3 54
6 5 54
4 6 54
6 4 54
6 2 54
3 6 54
5 6 54
3 7 54
2 6 54
5 4 55
6 2 55
8 2 55
6 3 55
6 4 55
3 7 55
4 5 55
2 6 55
2 8 55
3 6 55
5 6 55
4 6 55
7 3 55
6 5 55
5 3 56
6 5 56
5 4 56
8 2 56
6 3 56
6 4 56
7 3 56
6 2 56
3 7 56
3 5 56
5 6 56
4 5 56
2 8 56
2 6 56
3 6 56
4 6 56
3 7 57
2 6 57
5 6 57
3 5 57
4 6 57
4 5 57
2 8 57
6 3 57
6 2 57
6 5 57
5 3 57
6 4 57
5 4 57
8 2 57
3 6 57
7 3 57
6 4 58
6 5 58
6 2 58
5 3 58
8 2 58
6 3 58
5 4 58
7 3 58
2 6 58
4 5 58
3 7 58
4 6 58
3 6 58
2 8 58
3 5 58
5 6 58
6 5 59
5 3 59
6 2 59
6 4 59
5 4 59
8 2 59
6 3 59
7 3 59
3 6 59
4 6 59
4 5 59
2 8 59
3 7 59
5 6 59
2 6 59
3 5 59
5 4 60
6 5 60
6 2 60
8 2 60
5 3 60
4 3 60
6 3 60
7 3 60
6 4 60
5 6 60
4 5 60
3 6 60
3 4 60
3 5 60
2 8 60
2 6 60
3 7 60
4 6 60
3 6 61
5 6 61
4 6 61
2 8 61
3 4 61
4 5 61
5 3 61
3 7 61
7 3 61
6 5 61
6 3 61
5 4 61
4 3 61
3 5 61
8 2 61
6 4 61
5 4 62
3 2 62
4 3 62
8 2 62
6 3 62
7 3 62
5 3 62
6 4 62
4 5 62
6 5 62
2 3 62
2 8 62
5 6 62
3 4 62
3 6 62
3 7 62
3 5 62
4 6 62
5 3 63
6 4 63
7 3 63
8 2 63
4 3 63
7 6 63
5 4 63
6 3 63
4 5 63
3 4 63
6 7 63
5 6 63
3 6 63
6 5 63
4 6 63
3 7 63
2 8 63
3 5 63
5 3 64
6 3 64
6 4 64
7 6 64
5 4 64
6 5 64
8 2 64
7 3 64
2 8 64
3 5 64
3 7 64
3 6 64
4 6 64
6 7 64
4 5 64
5 6 64
5 4 65
6 3 65
7 3 65
7 6 65
8 2 65
6 5 65
6 4 65
5 3 65
4 5 65
3 5 65
3 7 65
5 6 65
3 6 65
4 6 65
6 7 65
2 8 65
6 4 66
7 3 66
5 2 66
3 7 66
2 5 66
5 6 66
3 5 66
5 4 66
6 7 66
6 5 66
2 8 66
5 3 66
7 6 66
8 2 66
6 3 66
4 5 66
4 6 66
3 6 66
2 8 67
6 3 67
5 2 67
8 2 67
6 4 67
5 4 67
7 3 67
6 5 67
2 5 67
7 6 67
3 7 67
3 6 67
6 7 67
5 6 67
4 5 67
4 6 67
4 5 68
5 6 68
6 5 68
5 4 68
7 6 68
6 3 68
5 2 68
7 3 68
6 4 68
8 2 68
2 8 68
6 7 68
2 5 68
3 6 68
4 6 68
3 7 68
4 5 69
7 3 69
8 2 69
6 5 69
6 3 69
6 4 69
2 5 69
5 2 69
5 4 69
4 6 69
3 6 69
5 6 69
2 8 69
3 7 69
7 3 70
5 2 70
6 4 70
3 6 70
2 5 70
6 3 70
2 8 70
3 7 70
8 2 70
4 6 70
3 6 71
8 2 71
5 2 71
6 4 71
3 7 71
6 3 71
2 8 71
2 5 71
7 3 71
4 6 71
2 5 72
3 7 72
2 8 72
5 2 72
3 6 72
7 3 72
6 4 72
6 3 72
8 2 72
4 6 72
2 5 73
6 3 73
8 2 73
7 3 73
5 2 73
6 4 73
3 6 73
3 7 73
4 6 73
2 8 73
7 3 74
8 2 74
6 3 74
5 2 74
6 4 74
3 7 74
2 5 74
3 6 74
2 8 74
4 6 74
2 5 75
6 3 75
4 6 75
3 6 75
3 7 75
7 3 75
8 2 75
6 4 75
5 2 75
2 8 75
3 6 76
2 5 76
4 5 76
8 2 76
5 2 76
4 3 76
6 4 76
6 3 76
5 4 76
4 6 76
3 4 76
3 7 76
2 8 76
7 3 76
2 5 77
6 3 77
7 3 77
5 4 77
4 3 77
3 7 77
8 2 77
4 6 77
2 8 77
3 6 77
3 4 77
4 5 77
5 2 77
6 4 77
2 8 78
4 5 78
3 6 78
3 4 78
2 5 78
4 6 78
3 7 78
6 5 78
5 6 78
5 4 78
4 3 78
7 3 78
6 3 78
5 2 78
6 4 78
8 2 78
8 2 79
5 4 79
2 5 79
6 4 79
6 3 79
5 2 79
7 3 79
7 6 79
3 4 79
2 8 79
4 5 79
3 6 79
4 3 79
3 7 79
4 6 79
6 7 79
3 7 80
6 3 80
4 3 80
7 3 80
5 2 80
2 8 80
5 4 80
4 5 80
7 6 80
4 6 80
3 4 80
2 5 80
8 2 80
6 7 80
6 4 80
3 6 80
5 4 81
6 4 81
7 6 81
5 2 81
6 3 81
4 3 81
2 5 81
6 7 81
4 6 81
3 7 81
4 5 81
3 6 81
7 3 81
3 4 81
7 3 82
6 4 82
7 6 82
5 2 82
5 4 82
3 7 82
4 6 82
2 5 82
3 4 82
3 6 82
6 7 82
4 5 82
6 3 82
4 3 82
3 4 83
4 6 83
3 7 83
4 5 83
6 7 83
2 5 83
7 6 83
7 8 83
3 6 83
5 2 83
5 4 83
6 4 83
4 3 83
6 3 83
7 3 83
8 7 83
5 2 84
8 7 84
7 3 84
4 3 84
6 3 84
7 6 84
3 6 84
3 4 84
3 7 84
7 8 84
2 5 84
4 6 84
4 5 84
6 7 84
6 4 84
5 4 84
7 6 85
5 4 85
8 7 85
6 3 85
5 2 85
7 3 85
3 4 85
6 7 85
4 5 85
7 8 85
3 6 85
2 5 85
3 7 85
6 4 85
4 3 85
4 6 85
4 6 86
3 4 86
5 2 86
6 5 86
7 8 86
7 6 86
4 3 86
5 4 86
6 3 86
6 4 86
3 6 86
7 3 86
8 7 86
6 7 86
3 7 86
5 6 86
2 5 86
4 5 86
4 6 87
6 7 87
7 6 87
5 6 87
4 5 87
3 7 87
2 5 87
3 4 87
3 6 87
5 2 87
6 4 87
8 7 87
6 3 87
7 3 87
5 4 87
6 5 87
4 3 87
7 8 87
6 3 88
4 3 88
3 8 88
6 7 88
2 5 88
4 6 88
4 5 88
7 8 88
6 5 88
5 6 88
3 4 88
3 7 88
8 3 88
8 7 88
5 4 88
6 4 88
5 2 88
7 6 88
7 3 88
3 6 88
5 6 89
6 7 89
3 8 89
7 8 89
4 6 89
3 6 89
3 4 89
2 5 89
4 5 89
3 7 89
6 4 89
5 2 89
4 3 89
6 3 89
7 3 89
5 4 89
6 5 89
8 7 89
7 6 89
8 3 89
6 3 90
5 2 90
8 7 90
6 5 90
8 6 90
8 3 90
7 6 90
6 4 90
5 4 90
7 8 90
3 7 90
2 5 90
5 6 90
6 8 90
3 8 90
6 7 90
4 5 90
3 6 90
4 6 90
7 3 90
4 2 90
2 4 90
5 4 91
6 8 91
6 7 91
6 4 91
6 3 91
4 2 91
5 2 91
8 3 91
7 3 91
8 6 91
3 7 91
7 6 91
7 8 91
2 5 91
2 4 91
3 6 91
4 6 91
4 5 91
3 8 91
8 7 91
5 2 92
6 7 92
2 5 92
7 6 92
7 3 92
8 7 92
8 6 92
8 3 92
5 4 92
4 2 92
9 4 92
6 3 92
3 8 92
3 7 92
7 8 92
6 8 92
4 5 92
2 4 92
4 9 92
3 6 92
6 8 93
8 3 93
8 6 93
6 3 93
8 7 93
4 2 93
5 2 93
5 4 93
7 3 93
9 5 93
3 8 93
7 6 93
3 6 93
2 5 93
7 8 93
2 4 93
4 5 93
3 7 93
4 9 93
6 7 93
5 9 93
9 4 93
7 3 94
6 3 94
9 5 94
7 6 94
8 6 94
8 3 94
9 4 94
5 4 94
5 2 94
8 7 94
3 7 94
4 9 94
3 8 94
6 8 94
6 7 94
5 9 94
3 6 94
7 8 94
2 4 94
2 5 94
4 5 94
4 2 94
8 7 95
5 9 95
4 5 95
8 3 95
5 4 95
8 6 95
9 4 95
4 2 95
6 3 95
5 2 95
3 7 95
7 3 95
9 5 95
6 7 95
7 8 95
4 9 95
2 4 95
3 6 95
2 5 95
6 8 95
7 6 95
3 8 95
7 6 96
7 3 96
7 8 96
3 7 96
4 5 96
3 6 96
4 9 96
2 4 96
8 7 96
5 9 96
9 5 96
4 2 96
9 4 96
8 3 96
6 3 96
5 4 96
6 7 96
3 8 96
6 3 97
3 8 97
7 8 97
9 4 97
5 4 97
7 6 97
9 5 97
4 2 97
8 3 97
7 3 97
4 9 97
4 5 97
6 7 97
3 6 97
5 9 97
2 4 97
3 7 97
8 7 97
7 3 98
8 3 98
8 7 98
7 6 98
5 4 98
9 4 98
9 5 98
4 2 98
4 5 98
5 9 98
4 9 98
3 6 98
6 7 98
3 7 98
7 8 98
3 8 98
6 3 98
2 4 98
7 3 99
7 6 99
4 2 99
6 8 99
4 9 99
4 5 99
3 8 99
3 6 99
3 7 99
5 9 99
7 8 99
2 4 99
6 7 99
8 3 99
8 6 99
9 4 99
5 4 99
8 7 99
6 3 99
9 5 99
6 3 100
5 4 100
3 6 100
6 7 100
5 9 100
4 5 100
6 8 100
7 8 100
3 7 100
2 4 100
3 8 100
7 6 100
9 5 100
8 6 100
4 2 100
7 3 100
8 7 100
8 3 100
3 8 101
7 6 101
8 7 101
6 3 101
9 5 101
8 3 101
7 3 101
5 9 101
8 6 101
4 2 101
6 7 101
2 4 101
4 5 101
6 8 101
3 7 101
5 4 101
7 8 101
3 6 101
7 3 102
7 6 102
6 3 102
9 5 102
5 4 102
8 3 102
3 7 102
8 6 102
3 8 102
5 9 102
3 6 102
6 7 102
6 8 102
7 8 102
4 5 102
8 7 102
7 3 103
5 4 103
7 6 103
9 5 103
4 5 103
8 6 103
8 7 103
3 7 103
6 7 103
5 9 103
8 3 103
6 8 103
6 3 103
3 8 103
7 8 103
3 6 103
7 3 104
5 4 104
7 6 104
8 6 104
8 3 104
9 5 104
6 3 104
3 6 104
3 8 104
5 9 104
6 7 104
6 8 104
4 5 104
8 7 104
3 7 104
7 8 104
5 9 105
3 6 105
3 7 105
6 8 105
6 7 105
7 8 105
3 8 105
7 6 105
4 5 105
8 7 105
5 4 105
7 3 105
8 6 105
8 3 105
9 5 105
6 3 105
6 7 106
6 8 106
3 7 106
3 6 106
5 9 106
3 8 106
4 5 106
7 8 106
9 5 106
8 7 106
5 4 106
7 6 106
8 6 106
7 3 106
6 3 106
8 3 106
3 7 107
6 7 107
3 6 107
3 8 107
4 5 107
5 4 107
8 6 107
6 8 107
7 3 107
7 6 107
9 5 107
6 3 107
8 3 107
8 7 107
7 8 107
5 9 107
3 8 108
8 6 108
8 3 108
7 6 108
8 7 108
5 4 108
9 5 108
7 3 108
6 7 108
6 3 108
4 5 108
6 8 108
7 8 108
5 9 108
3 7 108
3 6 108
3 7 109
6 8 109
7 8 109
8 6 109
8 7 109
7 3 109
4 5 109
6 3 109
9 5 109
8 3 109
5 4 109
3 8 109
5 9 109
3 6 109
8 3 110
8 7 110
8 6 110
9 5 110
3 8 110
6 3 110
6 8 110
3 7 110
3 6 110
5 9 110
7 8 110
7 3 110
8 7 111
8 6 111
6 3 111
8 3 111
9 5 111
3 7 111
7 8 111
6 8 111
3 6 111
5 9 111
7 3 111
3 8 111
9 5 112
5 9 112
2 6 112
3 6 112
7 8 112
3 8 112
6 8 112
7 3 112
6 2 112
6 3 112
8 7 112
8 3 112
8 6 112
3 7 112
8 3 113
6 2 113
8 7 113
8 6 113
6 3 113
3 6 113
7 8 113
3 7 113
2 6 113
3 8 113
7 3 113
6 8 113
8 6 114
6 2 114
8 7 114
3 8 114
3 6 114
2 6 114
7 8 114
6 8 114
3 7 114
6 3 114
8 3 114
7 3 114
7 6 115
2 6 115
7 8 115
6 7 115
6 8 115
8 6 115
3 7 115
3 6 115
6 4 115
7 3 115
6 3 115
6 2 115
8 7 115
4 6 115
7 8 116
2 6 116
4 6 116
3 6 116
6 7 116
3 7 116
6 8 116
6 2 116
6 4 116
6 3 116
8 6 116
7 6 116
8 7 116
7 3 116
6 7 117
6 2 117
2 6 117
7 6 117
7 3 117
6 4 117
8 6 117
6 3 117
3 6 117
4 6 117
3 7 117
7 8 117
8 7 117
6 8 117
6 7 118
8 7 118
6 3 118
8 6 118
7 6 118
7 3 118
4 6 118
7 8 118
3 6 118
6 8 118
3 7 118
6 4 118
3 6 119
4 6 119
7 8 119
3 7 119
2 8 119
6 8 119
8 6 119
7 6 119
8 2 119
7 3 119
8 7 119
6 4 119
6 3 119
6 7 119
7 6 120
8 6 120
6 4 120
8 7 120
6 2 120
4 6 120
6 8 120
6 7 120
3 6 120
7 8 120
2 6 120
6 3 120
6 8 121
7 6 121
6 4 121
8 7 121
8 6 121
7 8 121
6 7 121
4 6 121
8 7 122
7 6 122
6 4 122
4 2 122
8 6 122
7 8 122
2 4 122
6 8 122
4 6 122
6 7 122
7 6 123
8 7 123
4 2 123
6 4 123
4 6 123
2 4 123
7 8 123
6 7 123
8 7 124
2 4 124
4 6 124
6 4 124
4 2 124
7 8 124
6 7 124
7 6 124
6 4 125
8 7 125
7 8 125
4 2 125
6 7 125
4 6 125
7 6 125
2 4 125
4 2 126
7 6 126
6 4 126
8 7 126
4 6 126
2 4 126
6 7 126
7 8 126
7 6 127
6 4 127
8 7 127
6 7 127
2 4 127
4 6 127
7 8 127
4 2 127
7 2 128
2 7 128
4 6 128
7 8 128
6 4 128
8 7 128
4 2 128
2 4 128
4 6 129
7 8 129
2 4 129
2 7 129
7 2 129
6 4 129
8 7 129
4 2 129
9 4 130
6 4 130
7 2 130
4 2 130
4 6 130
4 9 130
7 8 130
2 7 130
2 4 130
8 7 130
9 4 131
6 4 131
8 7 131
7 2 131
4 2 131
4 6 131
2 7 131
2 4 131
4 9 131
7 8 131
2 4 132
2 7 132
7 8 132
9 4 132
4 6 132
6 4 132
8 7 132
7 2 132
4 2 132
4 9 132
9 6 133
6 4 133
9 4 133
7 2 133
2 4 133
2 7 133
6 9 133
4 9 133
4 6 133
4 2 133
4 2 134
2 7 134
4 6 134
6 9 134
2 4 134
4 9 134
9 6 134
9 4 134
7 2 134
6 4 134
6 9 135
9 4 135
8 7 135
9 6 135
6 4 135
7 2 135
4 9 135
7 8 135
4 6 135
2 7 135
9 6 136
6 4 136
8 7 136
9 4 136
4 6 136
2 7 136
2 4 136
4 9 136
7 8 136
7 2 136
4 2 136
6 9 136
7 8 137
4 9 137
6 9 137
2 4 137
4 6 137
8 7 137
9 4 137
9 6 137
4 2 137
6 4 137
9 2 138
9 4 138
9 6 138
8 7 138
7 8 138
6 2 138
6 9 138
2 9 138
2 6 138
2 4 138
6 4 138
4 9 138
4 2 138
4 6 138
7 8 139
2 9 139
8 7 139
2 4 139
4 2 139
9 6 139
6 4 139
9 4 139
6 2 139
6 9 139
4 6 139
4 9 139
2 6 139
9 2 139
8 7 140
6 2 140
4 2 140
9 6 140
6 4 140
4 6 140
6 9 140
2 4 140
9 4 140
9 2 140
4 9 140
7 8 140
2 9 140
2 6 140
4 2 141
9 4 141
9 6 141
6 4 141
9 2 141
6 2 141
8 7 141
4 6 141
2 6 141
2 4 141
4 9 141
7 8 141
6 9 141
2 9 141
9 6 142
6 2 142
4 2 142
9 2 142
6 4 142
2 4 142
7 8 142
4 9 142
9 4 142
4 6 142
2 9 142
8 7 142
2 6 142
6 9 142
6 2 143
2 9 143
4 6 143
4 9 143
2 6 143
2 4 143
6 9 143
7 8 143
9 4 143
6 4 143
9 2 143
8 7 143
4 2 143
9 6 143
9 2 144
4 2 144
6 2 144
9 4 144
6 4 144
9 6 144
8 7 144
4 6 144
2 6 144
4 9 144
6 9 144
7 8 144
2 9 144
2 4 144
9 2 145
9 4 145
8 7 145
9 6 145
4 2 145
7 8 145
6 2 145
2 6 145
4 6 145
2 4 145
4 9 145
2 9 145
6 9 145
6 4 145
6 2 146
9 4 146
4 2 146
2 9 146
2 4 146
4 6 146
7 8 146
6 9 146
4 9 146
2 6 146
9 6 146
8 7 146
6 4 146
9 2 146
9 4 147
6 2 147
6 4 147
9 2 147
9 6 147
4 2 147
8 7 147
4 9 147
2 9 147
4 6 147
2 6 147
6 9 147
2 4 147
7 8 147
6 4 148
6 2 148
9 6 148
9 2 148
9 4 148
2 9 148
6 9 148
2 6 148
4 9 148
7 8 148
4 6 148
8 7 148
9 4 149
2 9 149
7 8 149
4 9 149
8 7 149
9 2 149
6 2 149
2 6 149
2 6 150
4 9 150
2 9 150
8 7 150
9 2 150
9 4 150
6 2 150
7 8 150
2 6 151
8 7 151
4 9 151
7 8 151
6 2 151
9 4 151
7 8 152
9 4 152
6 2 152
8 7 152
4 9 152
2 6 152
4 9 153
2 6 153
8 7 153
7 8 153
9 4 153
6 2 153
8 7 154
6 2 154
9 4 154
2 6 154
4 9 154
7 8 154
7 8 155
4 9 155
2 6 155
6 2 155
8 7 155
9 4 155
8 7 156
6 2 156
4 9 156
7 8 156
2 6 156
9 4 156
6 2 157
8 7 157
4 9 157
7 8 157
2 6 157
9 4 157
2 6 158
4 9 158
9 4 158
6 2 158
7 8 158
8 7 158
6 2 159
2 6 159
4 9 159
9 4 159
8 7 159
7 8 159
9 4 160
2 6 160
7 8 160
6 2 160
8 7 160
4 9 160
2 6 161
8 7 161
9 4 161
6 2 161
4 9 161
7 8 161
2 6 162
4 9 162
3 7 162
6 2 162
7 3 162
9 4 162
6 2 163
9 4 163
2 6 163
4 9 163
3 7 163
7 3 163
6 2 164
9 4 164
5 4 164
7 3 164
4 9 164
2 6 164
4 5 164
3 7 164
6 2 165
2 6 165
5 4 165
7 3 165
4 5 165
4 9 165
9 4 165
3 7 165
6 2 166
4 9 166
3 7 166
4 5 166
2 6 166
5 4 166
7 3 166
9 4 166
2 6 167
3 7 167
4 9 167
6 2 167
7 3 167
9 4 167
3 7 168
7 3 168
4 9 168
2 6 168
9 4 168
6 2 168
9 4 169
6 2 169
2 6 169
4 9 169
7 3 169
3 7 169
6 2 170
7 3 170
2 6 170
3 7 170
6 2 171
7 3 171
3 7 171
2 6 171
7 3 172
6 2 172
2 6 172
3 7 172
6 2 173
2 6 173
3 7 173
7 3 173
6 2 174
7 3 174
2 6 174
3 7 174
6 2 175
7 3 175
7 2 175
3 7 175
2 6 175
2 7 175
2 6 176
2 7 176
6 2 176
7 2 176
3 7 176
7 3 176
3 7 177
2 7 177
2 6 177
7 3 177
7 2 177
6 2 177
3 7 178
2 7 178
2 6 178
7 2 178
6 2 178
7 3 178
6 2 179
6 3 179
3 7 179
7 3 179
3 6 179
2 6 179
2 6 180
3 6 180
6 2 180
6 3 180
2 6 181
6 2 181
3 6 181
6 3 181
6 2 182
3 6 182
2 7 182
7 2 182
2 6 182
6 3 182
2 6 183
2 7 183
7 2 183
3 6 183
6 3 183
6 2 183
2 7 184
2 6 184
3 6 184
6 3 184
7 2 184
6 2 184
3 6 185
7 2 185
6 2 185
6 3 185
2 7 185
2 6 185
2 7 186
7 2 186
3 6 186
6 3 186
2 6 186
6 2 186
6 2 187
2 7 187
2 6 187
3 7 187
2 3 187
7 3 187
7 2 187
3 2 187
3 7 188
2 7 188
2 6 188
2 3 188
7 3 188
6 2 188
7 2 188
3 2 188
7 2 189
3 6 189
7 3 189
6 2 189
6 3 189
2 3 189
2 7 189
3 7 189
2 6 189
3 2 189
2 7 190
3 6 190
2 3 190
3 7 190
3 2 190
7 2 190
6 2 190
7 3 190
2 6 190
6 3 190
2 7 191
7 3 191
2 3 191
3 2 191
3 6 191
7 2 191
2 6 191
6 2 191
6 3 191
3 7 191
2 3 192
3 7 192
3 6 192
2 6 192
6 2 192
6 3 192
7 2 192
3 2 192
2 7 192
7 3 192
3 2 193
7 3 193
7 2 193
6 3 193
2 3 193
3 7 193
2 7 193
3 6 193
2 3 194
3 6 194
6 3 194
2 7 194
7 3 194
7 2 194
3 2 194
3 7 194
3 7 195
3 6 195
7 2 195
3 2 195
6 3 195
7 3 195
2 7 195
2 3 195
3 2 196
6 3 196
7 3 196
7 2 196
2 7 196
3 7 196
2 3 196
3 6 196
2 7 197
7 2 197
6 3 197
3 2 197
2 3 197
3 6 197
7 2 198
2 7 198
7 2 199
2 7 199
7 2 200
2 7 200
7 3 207
3 7 207
7 3 208
3 7 208
7 3 209
3 7 209
3 7 210
7 3 210
3 7 211
7 3 211
7 3 212
3 7 212
8 3 213
7 3 213
3 8 213
3 7 213
7 3 214
6 3 214
8 3 214
3 6 214
3 7 214
3 8 214
6 3 215
3 7 215
3 8 215
3 6 215
8 3 215
7 3 215
3 6 216
3 7 216
7 3 216
6 3 216
8 3 216
3 8 216
8 7 217
7 3 217
6 3 217
3 6 217
8 3 217
3 7 217
7 8 217
3 8 217
7 3 218
8 7 218
3 7 218
7 8 218
6 7 218
3 8 218
7 6 218
8 3 218
6 3 218
3 6 218
7 3 219
3 6 219
8 7 219
6 3 219
7 8 219
3 8 219
7 6 219
3 7 219
8 3 219
6 7 219
3 8 220
7 8 220
7 6 220
6 8 220
3 7 220
8 7 220
3 6 220
6 3 220
6 7 220
8 3 220
7 3 220
8 6 220
8 6 221
6 3 221
8 3 221
8 7 221
7 3 221
3 6 221
7 6 221
6 8 221
3 8 221
7 8 221
3 7 221
6 7 221
7 6 222
7 3 222
6 3 222
8 6 222
8 7 222
8 3 222
3 8 222
3 7 222
3 6 222
6 8 222
7 8 222
6 7 222
6 7 223
8 7 223
7 3 223
6 3 223
7 6 223
7 8 223
8 3 223
3 8 223
3 6 223
3 7 223
8 6 223
6 8 223
8 6 224
6 7 224
6 8 224
7 8 224
3 6 224
3 8 224
3 7 224
7 6 224
6 3 224
8 3 224
7 3 224
8 7 224
3 6 225
7 6 225
8 6 225
8 3 225
7 3 225
6 3 225
3 7 225
7 8 225
3 8 225
6 7 225
8 7 225
6 8 225
6 8 226
3 6 226
3 8 226
7 8 226
6 7 226
3 7 226
6 3 226
7 6 226
8 7 226
8 3 226
8 6 226
7 3 226
8 7 227
6 3 227
7 3 227
8 6 227
8 3 227
7 6 227
6 7 227
3 8 227
7 8 227
3 6 227
3 7 227
6 8 227
7 6 228
8 6 228
6 3 228
8 3 228
8 7 228
7 3 228
7 8 228
3 7 228
3 8 228
3 6 228
6 7 228
6 8 228
8 3 229
8 6 229
8 7 229
7 3 229
7 6 229
3 8 229
3 6 229
6 7 229
3 7 229
7 8 229
6 8 229
6 3 229
3 8 230
3 6 230
7 6 230
8 6 230
8 7 230
6 8 230
6 7 230
3 7 230
7 8 230
7 3 230
6 3 230
8 3 230
6 8 231
6 7 231
3 8 231
3 6 231
7 3 231
8 6 231
7 6 231
3 7 231
6 3 231
8 3 231
8 3 232
7 3 232
8 7 232
6 3 232
7 6 232
8 6 232
7 8 232
6 8 232
6 7 232
3 8 232
3 7 232
3 6 232
7 3 233
6 3 233
3 7 233
8 3 233
8 6 233
7 8 233
6 7 233
3 8 233
6 8 233
3 6 233
7 6 233
8 7 233
3 8 234
6 7 234
3 6 234
3 7 234
7 8 234
6 8 234
7 6 234
8 7 234
6 3 234
7 3 234
8 3 234
8 6 234
7 8 235
3 8 235
3 7 235
6 7 235
6 8 235
3 6 235
6 3 235
8 7 235
7 6 235
7 3 235
8 3 235
8 6 235
8 7 236
8 6 236
6 3 236
7 3 236
7 8 236
6 8 236
3 6 236
7 6 236
3 7 236
6 7 236
8 3 236
3 8 236
7 6 237
6 3 237
7 3 237
8 6 237
8 3 237
3 6 237
3 7 237
7 8 237
3 8 237
6 8 237
8 7 237
6 7 237
6 8 238
3 7 238
7 8 238
6 3 238
8 6 238
8 7 238
7 3 238
8 3 238
7 6 238
3 6 238
3 8 238
6 7 238
7 6 239
8 6 239
7 8 239
3 6 239
3 8 239
6 7 239
6 8 239
2 7 239
8 3 239
3 7 239
6 3 239
7 2 239
8 7 239
7 3 239
2 7 240
6 8 240
3 8 240
3 7 240
6 7 240
7 8 240
8 7 240
6 3 240
7 3 240
8 6 240
7 2 240
3 6 240
7 6 240
8 3 240
3 8 241
3 6 241
3 7 241
6 8 241
7 8 241
2 7 241
6 7 241
2 8 241
7 6 241
7 2 241
8 7 241
8 6 241
8 2 241
7 3 241
6 3 241
8 3 241
2 7 242
3 8 242
2 8 242
3 6 242
6 7 242
3 7 242
6 8 242
7 8 242
8 3 242
8 7 242
6 3 242
7 6 242
7 3 242
7 2 242
8 2 242
8 6 242
8 3 243
3 8 243
6 7 243
6 8 243
7 8 243
2 8 243
2 7 243
3 7 243
6 3 243
3 6 243
8 7 243
7 2 243
8 2 243
7 6 243
7 3 243
8 6 243
7 8 244
6 8 244
6 7 244
2 8 244
3 6 244
3 7 244
7 2 244
8 2 244
7 3 244
8 3 244
8 6 244
7 6 244
2 7 244
6 3 244
3 8 244
8 7 244
7 2 245
3 6 245
3 7 245
6 7 245
2 6 245
2 8 245
7 8 245
6 8 245
2 7 245
3 8 245
8 6 245
8 3 245
6 3 245
7 3 245
7 6 245
6 2 245
8 2 245
8 7 245
8 7 246
8 6 246
8 3 246
6 3 246
7 3 246
7 2 246
6 2 246
8 2 246
2 7 246
2 6 246
7 8 246
2 8 246
3 8 246
3 6 246
3 7 246
6 7 246
6 8 246
7 6 246
7 6 247
8 7 247
8 2 247
8 6 247
6 2 247
8 3 247
7 2 247
6 3 247
6 7 247
7 8 247
2 8 247
3 7 247
6 8 247
2 6 247
3 8 247
2 7 247
3 6 247
7 3 247
9 4 248
6 2 248
8 7 248
7 6 248
8 3 248
8 6 248
7 3 248
8 2 248
2 8 248
3 7 248
6 8 248
3 8 248
6 7 248
7 8 248
6 3 248
3 6 248
4 9 248
2 6 248
8 3 249
7 6 249
6 3 249
8 7 249
7 3 249
9 4 249
8 2 249
8 6 249
2 8 249
6 2 249
6 8 249
4 9 249
3 7 249
7 8 249
6 7 249
3 8 249
2 6 249
3 6 249
6 2 250
8 6 250
9 4 250
7 6 250
7 3 250
8 3 250
6 3 250
8 2 250
3 8 250
3 7 250
6 7 250
4 9 250
6 8 250
2 6 250
2 8 250
3 6 250
2 8 251
6 8 251
2 3 251
3 7 251
6 7 251
2 6 251
8 6 251
8 2 251
7 6 251
7 3 251
4 9 251
9 4 251
3 6 251
3 2 251
6 2 251
6 3 251
2 3 252
2 8 252
2 7 252
6 7 252
3 7 252
6 8 252
2 6 252
3 6 252
4 9 252
7 6 252
8 2 252
9 4 252
7 2 252
7 3 252
8 6 252
6 2 252
6 3 252
3 2 252
7 6 253
8 2 253
9 4 253
7 2 253
3 2 253
6 7 253
6 3 253
6 2 253
2 8 253
4 9 253
2 7 253
2 3 253
7 3 253
3 6 253
2 6 253
3 7 253
6 2 254
7 3 254
9 4 254
3 2 254
7 2 254
6 3 254
6 7 254
2 6 254
2 8 254
2 7 254
3 6 254
2 3 254
4 9 254
3 7 254
8 2 254
7 6 254
6 2 255
7 6 255
7 2 255
8 2 255
6 3 255
9 4 255
3 2 255
7 3 255
2 8 255
2 6 255
3 6 255
2 7 255
6 7 255
4 9 255
3 7 255
2 3 255
8 2 256
2 6 256
3 7 256
2 3 256
9 4 256
2 8 256
7 2 256
4 9 256
6 7 256
6 2 256
2 7 256
3 2 256
7 3 256
3 6 256
7 6 256
6 3 256
2 3 257
6 2 257
3 6 257
3 7 257
2 7 257
7 6 257
2 6 257
7 2 257
7 3 257
6 3 257
4 9 257
9 4 257
3 2 257
6 7 257
7 2 258
9 4 258
2 6 258
6 3 258
7 3 258
3 2 258
2 7 258
4 9 258
6 7 258
3 6 258
3 7 258
2 3 258
7 6 258
6 2 258
6 2 259
3 2 259
7 6 259
7 3 259
9 4 259
6 3 259
3 6 259
3 7 259
2 6 259
6 7 259
2 3 259
2 7 259
7 2 259
4 9 259
7 2 260
7 3 260
3 2 260
9 4 260
7 6 260
6 3 260
6 7 260
2 3 260
3 7 260
2 6 260
2 7 260
3 6 260
6 2 260
4 9 260
6 3 261
7 2 261
6 2 261
3 2 261
3 7 261
6 7 261
2 7 261
3 6 261
2 3 261
2 6 261
7 3 261
7 6 261
6 2 262
7 6 262
2 3 262
6 3 262
7 2 262
7 3 262
3 7 262
2 7 262
3 6 262
6 7 262
2 6 262
3 2 262
3 6 263
6 7 263
2 3 263
2 6 263
3 7 263
4 9 263
9 4 263
7 2 263
7 6 263
7 3 263
6 2 263
3 2 263
8 2 263
6 3 263
2 8 263
2 7 263
2 6 264
6 3 264
7 2 264
7 6 264
7 3 264
3 2 264
6 2 264
8 2 264
9 4 264
3 7 264
2 7 264
3 6 264
2 3 264
2 8 264
4 9 264
6 7 264
7 3 265
7 6 265
6 2 265
7 2 265
8 2 265
6 3 265
9 4 265
3 6 265
3 2 265
2 3 265
3 7 265
6 7 265
2 6 265
2 7 265
2 8 265
4 9 265
7 2 266
3 2 266
9 4 266
6 3 266
8 2 266
2 3 266
7 6 266
6 7 266
2 6 266
2 8 266
3 6 266
4 9 266
3 7 266
2 7 266
7 3 266
6 2 266
6 7 267
7 3 267
2 6 267
2 3 267
2 8 267
4 9 267
3 6 267
2 7 267
3 7 267
3 2 267
8 2 267
7 2 267
7 6 267
6 2 267
9 4 267
6 3 267
3 2 268
3 6 268
2 6 268
2 7 268
4 9 268
2 8 268
3 7 268
2 3 268
6 7 268
9 4 268
6 3 268
6 2 268
7 2 268
8 2 268
7 3 268
7 6 268
4 9 269
6 2 269
6 3 269
7 3 269
8 2 269
7 6 269
2 3 269
3 2 269
6 7 269
2 8 269
3 7 269
3 6 269
2 6 269
2 7 269
7 2 269
9 4 269
3 7 270
3 6 270
2 3 270
2 8 270
2 7 270
2 6 270
7 6 270
6 7 270
6 2 270
7 2 270
8 2 270
3 2 270
6 3 270
7 3 270
3 2 271
6 5 271
6 3 271
7 6 271
8 2 271
6 2 271
2 7 271
3 7 271
2 3 271
5 6 271
3 6 271
6 7 271
2 8 271
2 6 271
7 3 271
7 2 271
3 6 272
2 8 272
3 7 272
3 8 272
3 2 272
7 2 272
6 7 272
2 7 272
7 6 272
2 3 272
2 6 272
6 3 272
5 6 272
7 3 272
8 3 272
6 2 272
6 5 272
8 2 272
2 7 273
2 8 273
2 3 273
3 5 273
3 7 273
5 6 273
5 7 273
2 6 273
7 2 273
3 6 273
6 2 273
7 6 273
6 3 273
6 7 273
7 3 273
5 3 273
3 2 273
8 2 273
6 5 273
7 5 273
2 3 274
6 7 274
3 5 274
3 6 274
7 6 274
5 3 274
6 3 274
7 2 274
6 2 274
7 5 274
6 5 274
7 3 274
8 2 274
3 2 274
2 7 274
2 6 274
5 7 274
3 7 274
2 8 274
5 6 274
2 6 275
3 5 275
7 2 275
5 3 275
7 3 275
6 3 275
3 2 275
8 2 275
7 6 275
2 7 275
7 5 275
5 7 275
5 6 275
6 7 275
2 8 275
2 3 275
3 6 275
3 7 275
6 2 275
6 5 275
7 5 276
7 3 276
2 3 276
3 7 276
2 8 276
5 6 276
2 6 276
2 7 276
5 7 276
3 2 276
3 6 276
7 6 276
5 3 276
6 3 276
7 2 276
6 2 276
6 5 276
8 2 276
6 7 276
3 5 276
6 7 277
2 6 277
5 3 277
6 2 277
3 2 277
6 3 277
7 3 277
7 2 277
6 5 277
7 5 277
8 2 277
7 6 277
3 5 277
3 6 277
2 8 277
5 7 277
5 6 277
2 7 277
3 7 277
2 3 277
3 2 278
6 3 278
7 5 278
7 3 278
6 5 278
5 3 278
6 2 278
7 6 278
3 7 278
3 5 278
3 6 278
5 7 278
5 6 278
2 7 278
6 7 278
2 8 278
2 6 278
2 3 278
8 2 278
7 2 278
2 5 279
2 7 279
3 7 279
3 6 279
2 6 279
3 5 279
5 6 279
5 7 279
2 8 279
6 7 279
2 3 279
6 3 279
6 2 279
8 2 279
7 5 279
6 5 279
7 2 279
7 6 279
5 2 279
3 2 279
5 3 279
7 3 279
2 5 280
6 5 280
6 2 280
5 6 280
7 5 280
7 3 280
7 6 280
5 3 280
6 3 280
5 2 280
7 2 280
2 8 280
2 3 280
5 7 280
8 2 280
3 7 280
6 7 280
3 5 280
2 7 280
3 6 280
3 2 280
2 6 280
7 2 281
3 2 281
5 3 281
7 3 281
7 5 281
8 2 281
6 5 281
5 2 281
3 5 281
3 7 281
5 7 281
7 6 281
5 6 281
2 5 281
3 6 281
6 2 281
2 6 281
2 7 281
2 3 281
6 7 281
2 8 281
6 3 281
6 2 282
5 3 282
7 6 282
6 5 282
7 3 282
7 5 282
8 2 282
3 2 282
6 3 282
5 2 282
7 2 282
3 6 282
3 5 282
6 7 282
5 6 282
3 7 282
5 7 282
2 8 282
2 3 282
2 5 282
2 7 282
2 6 282
5 7 283
2 5 283
2 3 283
6 7 283
5 6 283
2 6 283
5 2 283
3 2 283
2 7 283
7 6 283
6 2 283
5 3 283
7 2 283
8 2 283
7 3 283
2 8 283
7 5 283
6 3 283
3 7 283
3 6 283
3 5 283
6 5 283
2 3 284
2 5 284
3 6 284
4 9 284
3 5 284
2 8 284
5 6 284
2 6 284
6 7 284
3 7 284
5 7 284
7 5 284
2 7 284
7 3 284
7 6 284
7 2 284
5 2 284
3 2 284
9 4 284
6 3 284
8 2 284
6 5 284
6 2 284
5 3 284
3 5 285
6 7 285
5 7 285
3 7 285
5 6 285
2 3 285
7 5 285
2 6 285
2 5 285
2 7 285
6 3 285
2 8 285
5 2 285
6 2 285
3 2 285
6 5 285
9 4 285
8 2 285
5 3 285
7 6 285
7 2 285
3 6 285
4 9 285
7 3 285
2 5 286
6 5 286
7 3 286
7 6 286
6 3 286
8 2 286
6 2 286
5 7 286
7 2 286
7 5 286
5 2 286
9 4 286
3 2 286
3 7 286
2 7 286
2 6 286
2 3 286
4 9 286
5 6 286
6 7 286
3 6 286
2 8 286
8 2 287
7 6 287
3 2 287
9 4 287
6 5 287
6 2 287
7 5 287
7 3 287
2 3 287
6 7 287
2 6 287
5 6 287
2 7 287
3 7 287
4 9 287
2 8 287
5 7 287
7 2 287
2 3 288
5 6 288
6 7 288
2 8 288
2 6 288
7 2 288
9 4 288
3 2 288
6 2 288
4 9 288
2 7 288
5 7 288
8 2 288
7 6 288
7 5 288
6 5 288
3 2 289
7 5 289
7 2 289
7 6 289
6 5 289
5 7 289
9 4 289
4 9 289
2 3 289
2 8 289
5 6 289
6 7 289
2 6 289
6 2 289
8 2 289
2 7 289
7 2 290
8 2 290
6 2 290
3 2 290
7 6 290
7 5 290
2 7 290
5 7 290
9 4 290
2 6 290
2 3 290
5 6 290
4 9 290
6 7 290
6 5 290
2 8 290
7 6 291
9 4 291
7 2 291
6 2 291
3 2 291
7 5 291
8 2 291
5 7 291
5 6 291
2 3 291
2 6 291
2 7 291
4 9 291
2 8 291
6 7 291
6 5 291
8 2 292
4 9 292
9 4 292
7 6 292
6 7 292
2 6 292
2 8 292
2 7 292
7 2 292
6 2 292
6 2 293
7 2 293
7 6 293
9 4 293
8 2 293
4 9 293
2 8 293
2 7 293
2 6 293
6 7 293
2 8 294
6 7 294
4 9 294
2 6 294
2 7 294
7 6 294
6 2 294
7 2 294
8 2 294
9 4 294
7 6 295
2 8 295
4 9 295
7 2 295
6 7 295
2 7 295
2 6 295
8 2 295
9 4 295
6 2 295
6 7 296
7 6 296
6 2 296
8 2 296
7 2 296
2 8 296
2 6 296
2 7 296
4 9 296
9 4 296
4 9 297
3 2 297
7 6 297
9 4 297
6 2 297
7 2 297
8 2 297
2 6 297
2 3 297
2 7 297
6 7 297
2 8 297
8 2 298
9 4 298
6 2 298
7 2 298
3 2 298
6 7 298
7 6 298
2 8 298
2 6 298
2 7 298
2 3 298
4 9 298
6 2 299
4 7 299
8 2 299
3 2 299
7 2 299
7 6 299
7 4 299
6 7 299
4 9 299
2 7 299
2 3 299
2 8 299
2 6 299
9 4 299
6 2 300
2 6 300
7 2 300
3 2 300
9 4 300
7 6 300
8 2 300
2 8 300
6 7 300
4 9 300
2 3 300
4 7 300
7 4 300
2 7 300
2 6 301
8 2 301
2 7 301
4 7 301
4 9 301
2 3 301
6 7 301
4 6 301
2 8 301
7 4 301
9 4 301
3 2 301
7 6 301
6 4 301
6 2 301
7 2 301
6 2 302
8 2 302
7 2 302
7 6 302
2 6 302
2 8 302
2 3 302
6 7 302
3 2 302
7 9 302
4 6 302
4 9 302
2 7 302
4 7 302
9 4 302
6 4 302
9 7 302
7 4 302
7 6 303
9 7 303
9 6 303
6 4 303
3 2 303
6 9 303
2 3 303
4 9 303
6 7 303
2 7 303
2 6 303
2 8 303
4 7 303
9 4 303
4 6 303
7 9 303
7 2 303
6 2 303
8 2 303
7 4 303
7 9 304
7 4 304
7 6 304
9 7 304
8 2 304
9 4 304
3 2 304
7 2 304
6 2 304
6 4 304
9 6 304
4 7 304
2 8 304
2 3 304
4 9 304
6 9 304
4 6 304
6 7 304
2 7 304
2 6 304
7 4 305
2 8 305
2 7 305
2 3 305
4 7 305
6 9 305
6 7 305
4 9 305
2 6 305
4 6 305
7 9 305
9 6 305
8 2 305
7 2 305
9 7 305
3 2 305
7 6 305
6 4 305
6 2 305
9 4 305
2 7 306
6 9 306
2 3 306
4 6 306
7 9 306
4 9 306
2 6 306
4 7 306
6 7 306
7 2 306
7 4 306
6 2 306
9 4 306
9 7 306
6 4 306
3 2 306
9 6 306
7 6 306
4 7 307
2 7 307
4 9 307
7 9 307
4 6 307
6 7 307
2 6 307
2 3 307
6 9 307
3 2 307
9 6 307
9 4 307
7 2 307
7 6 307
6 2 307
7 4 307
9 7 307
6 4 307
6 9 308
7 9 308
2 3 308
6 7 308
4 9 308
9 4 308
7 6 308
3 2 308
9 7 308
9 6 308
7 4 308
6 2 308
7 2 308
6 4 308
4 7 308
2 6 308
9 2 308
4 6 308
2 9 308
2 7 308
6 9 309
2 6 309
9 4 309
2 3 309
2 7 309
6 7 309
7 2 309
3 2 309
6 2 309
4 7 309
7 6 309
7 4 309
4 9 309
7 9 309
4 6 309
2 9 309
9 7 309
9 2 309
6 4 309
9 6 309
4 7 310
2 6 310
6 7 310
2 9 310
2 3 310
6 9 310
4 9 310
2 7 310
6 4 310
7 2 310
9 4 310
9 7 310
3 2 310
9 2 310
7 6 310
6 2 310
7 4 310
7 9 310
9 6 310
4 6 310
6 7 311
7 4 311
6 4 311
9 4 311
7 2 311
7 6 311
3 2 311
6 2 311
9 6 311
2 7 311
9 2 311
9 7 311
6 9 311
2 6 311
2 3 311
7 9 311
2 9 311
4 7 311
4 6 311
4 9 311
3 2 312
9 3 312
9 4 312
9 7 312
6 2 312
7 4 312
9 6 312
6 4 312
2 7 312
6 7 312
2 9 312
4 9 312
3 9 312
6 9 312
2 3 312
4 6 312
7 9 312
2 6 312
4 7 312
9 2 312
7 6 312
7 2 312
7 2 313
2 9 313
4 7 313
3 9 313
2 3 313
6 7 313
2 7 313
4 9 313
7 9 313
6 9 313
2 6 313
6 2 313
7 6 313
9 7 313
3 2 313
9 3 313
7 4 313
9 2 313
9 4 313
9 6 313
7 9 314
2 7 314
4 9 314
2 6 314
2 9 314
6 9 314
2 3 314
6 7 314
3 2 314
9 3 314
4 2 314
9 7 314
9 6 314
7 6 314
9 2 314
6 2 314
9 4 314
7 2 314
2 4 314
3 9 314
7 2 315
9 3 315
9 2 315
7 6 315
9 6 315
3 2 315
9 7 315
7 9 315
2 3 315
6 9 315
6 7 315
2 9 315
3 9 315
4 9 315
9 4 315
2 7 315
6 9 316
2 3 316
7 6 316
7 9 316
9 2 316
9 4 316
7 2 316
9 6 316
9 3 316
9 7 316
3 2 316
4 9 316
3 9 316
2 7 316
2 9 316
6 7 316
7 2 317
7 6 317
9 6 317
9 7 317
9 2 317
3 2 317
3 9 317
2 3 317
2 9 317
9 3 317
4 9 317
2 7 317
9 4 317
6 7 317
6 9 317
7 9 317
2 9 318
2 3 318
6 7 318
4 9 318
9 4 318
9 2 318
3 2 318
7 6 318
7 2 318
2 7 318
9 7 318
7 9 318
9 2 319
9 4 319
7 6 319
9 7 319
9 6 319
7 9 319
6 9 319
6 7 319
4 9 319
2 9 319
3 2 319
2 3 319
8 2 320
9 4 320
9 7 320
7 6 320
7 9 320
9 6 320
3 2 320
2 8 320
6 7 320
4 9 320
2 9 320
6 9 320
2 3 320
9 2 320
2 8 321
6 7 321
7 9 321
2 3 321
2 9 321
9 2 321
3 2 321
9 7 321
7 6 321
8 2 321
4 9 321
9 4 321
7 6 322
9 4 322
9 2 322
3 2 322
8 2 322
2 8 322
2 3 322
6 7 322
4 9 322
7 9 322
9 7 322
2 9 322
2 8 323
7 9 323
4 9 323
2 9 323
7 6 323
9 7 323
9 4 323
9 2 323
8 2 323
6 7 323
2 8 324
2 9 324
6 7 324
8 2 324
9 2 324
7 6 324
9 2 325
6 7 325
8 2 325
2 8 325
2 9 325
7 6 325
7 6 326
9 2 326
8 9 326
2 9 326
6 7 326
2 8 326
9 8 326
8 2 326
7 6 327
8 2 327
9 8 327
2 9 327
2 8 327
6 7 327
8 9 327
9 2 327
2 8 328
6 7 328
8 9 328
2 9 328
7 6 328
8 2 328
9 2 328
9 8 328
2 9 329
2 8 329
8 9 329
6 7 329
7 6 329
8 2 329
9 2 329
9 8 329
6 7 330
9 8 330
8 2 330
7 6 330
2 9 330
8 9 330
2 8 330
9 2 330
7 6 331
9 2 331
9 8 331
8 9 331
6 7 331
2 9 331
2 8 331
8 2 331
8 9 332
7 6 332
2 8 332
6 7 332
2 9 332
6 4 332
9 2 332
4 6 332
8 2 332
9 8 332
9 8 333
6 4 333
7 6 333
9 2 333
2 9 333
4 6 333
8 9 333
2 8 333
8 2 333
6 7 333
9 8 334
8 2 334
6 4 334
9 2 334
7 4 334
7 6 334
4 7 334
6 7 334
2 8 334
4 6 334
2 9 334
8 9 334
6 7 335
2 9 335
4 7 335
2 8 335
9 2 335
7 6 335
8 2 335
6 4 335
9 8 335
8 9 335
7 4 335
4 6 335
7 6 336
9 8 336
7 4 336
8 2 336
6 4 336
2 9 336
2 8 336
4 6 336
4 7 336
8 9 336
6 7 336
9 2 336
4 6 337
2 9 337
4 7 337
6 7 337
2 8 337
8 9 337
9 8 337
8 2 337
7 6 337
6 4 337
9 2 337
7 4 337
2 9 338
4 6 338
8 9 338
6 7 338
2 8 338
4 7 338
8 2 338
7 6 338
9 8 338
9 2 338
6 4 338
7 4 338
2 8 339
9 2 339
9 8 339
7 6 339
7 4 339
6 4 339
4 6 339
2 9 339
8 2 339
6 7 339
8 9 339
4 7 339
2 9 340
8 9 340
4 7 340
4 6 340
2 8 340
6 4 340
7 4 340
9 8 340
9 2 340
7 6 340
8 2 340
6 7 340
7 4 341
9 2 341
8 2 341
6 7 341
4 6 341
4 7 341
2 9 341
2 8 341
6 4 341
7 6 341
9 2 342
6 4 342
8 2 342
2 8 342
4 6 342
2 9 342
6 7 342
4 7 342
7 4 342
7 6 342
7 6 343
7 4 343
8 2 343
2 8 343
6 7 343
4 6 343
4 7 343
6 4 343
7 6 344
7 4 344
8 2 344
4 7 344
4 6 344
6 7 344
6 4 344
2 8 344
4 6 345
6 7 345
4 7 345
2 8 345
7 4 345
6 4 345
7 6 345
8 2 345
4 6 346
2 8 346
4 7 346
8 2 346
7 4 346
6 4 346
9 8 346
8 9 346
2 9 347
8 9 347
7 8 347
4 8 347
4 6 347
4 7 347
2 8 347
8 7 347
9 8 347
9 2 347
8 2 347
7 4 347
8 4 347
6 4 347
8 6 348
7 4 348
9 2 348
7 2 348
6 4 348
8 4 348
8 2 348
8 7 348
6 8 348
7 8 348
8 9 348
4 7 348
2 9 348
2 7 348
4 6 348
4 8 348
2 8 348
9 8 348
2 8 349
2 7 349
7 8 349
4 6 349
4 8 349
6 8 349
2 4 349
2 9 349
4 7 349
8 2 349
7 2 349
8 7 349
6 4 349
8 4 349
8 6 349
7 4 349
9 2 349
4 2 349
4 7 350
4 6 350
7 8 350
6 8 350
2 4 350
4 8 350
8 4 350
4 2 350
8 6 350
8 7 350
6 4 350
7 4 350
8 6 351
4 7 351
4 8 351
2 4 351
3 7 351
6 8 351
8 4 351
7 3 351
7 4 351
4 2 351
3 2 352
3 7 352
7 3 352
8 6 352
4 2 352
4 3 352
8 4 352
6 8 352
3 4 352
4 8 352
7 4 352
2 4 352
4 7 352
2 3 352
2 3 353
6 8 353
3 7 353
4 7 353
3 2 353
4 3 353
7 3 353
7 4 353
3 4 353
8 6 353
7 4 354
4 3 354
2 3 354
4 7 354
3 4 354
7 3 354
8 6 354
3 2 354
3 7 354
6 8 354
3 7 355
4 7 355
2 3 355
4 3 355
7 4 355
3 2 355
7 3 355
3 4 355
7 4 356
4 3 356
7 3 356
4 7 356
3 7 356
3 4 356
7 3 357
4 3 357
3 4 357
6 3 357
4 7 357
7 4 357
3 6 357
3 7 357
7 4 358
6 3 358
4 7 358
3 6 358
6 3 359
7 4 359
3 6 359
4 7 359
4 7 360
7 4 360
6 3 360
3 6 360
3 6 361
4 7 361
6 3 361
7 4 361
7 4 362
6 3 362
4 2 362
4 7 362
3 6 362
2 4 362
4 2 363
6 3 363
3 6 363
2 4 363
4 7 363
7 4 363
7 4 364
6 3 364
3 6 364
2 4 364
4 7 364
4 2 364
3 6 365
6 3 365
2 4 365
4 2 365
2 4 366
4 2 366
4 2 367
2 4 367
7 2 369
2 7 369
2 7 370
7 2 370
7 2 371
2 7 371
2 7 372
7 2 372
2 7 373
7 2 373
2 7 374
7 2 374
2 6 376
6 2 376
3 6 380
6 3 380
6 3 381
3 6 381
3 6 382
6 3 382
6 3 383
3 6 383
3 6 384
6 3 384
6 3 385
3 6 385
3 6 386
6 3 386
3 6 387
6 3 387
6 3 388
3 6 388
3 6 389
6 3 389
3 6 390
6 3 390
3 6 391
6 3 391
3 6 392
6 3 392
3 6 393
6 3 393
3 6 394
6 3 394
6 3 395
3 6 395
4 7 412
7 4 412
4 7 413
7 4 413
7 4 414
4 7 414
4 7 415
7 4 415
4 7 416
7 4 416
7 4 417
4 7 417
4 7 418
7 4 418
4 7 419
7 4 419
4 7 420
7 4 420
7 4 421
4 7 421
4 7 422
7 4 422
7 4 423
4 7 423
4 7 424
2 6 424
6 2 424
7 4 424
7 4 425
6 2 425
2 6 425
4 7 425
4 7 426
7 4 426
6 2 426
2 6 426
4 7 427
2 6 427
6 2 427
7 4 427
4 7 428
7 4 428
7 4 429
4 7 429
7 4 430
4 7 430
4 7 431
7 4 431
7 4 432
4 7 432
7 4 433
4 7 433
7 4 434
4 7 434
7 4 435
4 7 435
7 4 436
4 7 436
7 4 438
4 7 438
4 7 439
7 4 439
9 6 555
6 9 555
6 9 556
9 6 556
9 6 557
6 9 557
9 6 558
6 9 558
9 6 559
6 9 559
6 9 560
9 6 560
9 6 561
6 9 561
9 6 562
6 9 562
9 6 563
6 9 563
6 9 564
9 6 564
9 6 565
6 9 565
9 6 566
6 9 566
9 6 567
6 9 567
6 9 568
9 6 568
6 9 569
9 6 569
9 6 570
6 9 570
9 6 571
6 9 571
5 9 787
9 5 787
5 9 788
9 5 788
9 5 789
5 9 789
9 5 790
5 9 790
9 5 791
5 9 791
5 9 792
9 5 792
5 9 793
9 5 793
9 5 794
5 9 794
9 5 795
5 9 795
5 9 796
9 5 796
9 5 797
5 9 797
9 5 798
5 9 798
9 5 799
5 9 799
9 5 800
5 9 800
9 5 801
5 9 801
9 5 802
5 9 802
5 9 803
9 5 803
5 9 804
9 5 804
5 9 805
9 5 805
5 9 806
9 5 806
9 5 836
5 9 836
5 9 837
9 5 837
5 9 838
9 5 838
5 9 839
9 5 839
9 5 840
5 9 840
9 5 841
5 9 841
9 5 842
5 9 842
1 7 919
1 7 920
1 7 921
1 7 922
1 7 923
1 7 924
1 7 925
1 7 926
1 7 927
1 7 928
1 7 929
1 7 930
1 7 931
1 7 932
1 7 933
5 9 1013
9 5 1013
5 9 1014
9 5 1014
5 9 1015
9 5 1015
5 9 1016
9 5 1016
9 5 1053
5 9 1053
5 9 1054
9 5 1054
5 9 1055
9 5 1055
5 9 1056
9 5 1056
5 9 1057
9 5 1057
5 9 1058
9 5 1058
5 9 1059
9 5 1059
5 9 1060
9 5 1060
5 9 1061
9 5 1061
5 9 1062
9 5 1062
9 5 1063
5 9 1063
5 9 1064
9 5 1064
5 9 1087
9 5 1087
5 9 1088
9 5 1088
9 5 1089
5 9 1089
5 9 1090
9 5 1090
5 9 1091
9 5 1091
5 9 1092
9 5 1092
5 9 1093
9 5 1093
9 5 1094
5 9 1094
9 5 1095
5 9 1095
9 5 1096
5 9 1096
9 5 1097
5 9 1097
9 5 1098
5 9 1098
9 5 1099
5 9 1099
9 5 1100
5 9 1100
9 5 1101
5 9 1101
5 9 1102
9 5 1102
9 5 1103
5 9 1103
5 9 1104
9 5 1104
5 9 1105
9 5 1105
5 9 1106
9 5 1106
5 9 1107
9 5 1107
5 9 1108
9 5 1108
9 5 1109
5 9 1109
5 9 1110
9 5 1110
5 9 1111
9 5 1111
5 9 1112
9 5 1112
5 9 1113
9 5 1113
5 9 1114
9 5 1114
9 5 1115
5 9 1115
9 5 1116
5 9 1116
9 5 1117
5 9 1117
7 6 1396
6 7 1396
6 7 1397
7 6 1397
7 6 1398
6 7 1398
1 7 1754
1 7 1755
1 7 1756
1 7 1757
1 7 1758
1 7 1759
1 7 1760
1 7 1761
1 7 1762
1 7 1763
1 7 1764
1 7 1765
1 7 1766
1 7 1767
1 7 1768
1 7 1769
1 7 1770
1 7 1771
1 7 1772
1 7 1773
1 7 1774
1 7 1775
1 7 1776
1 7 1777
1 7 1778
1 7 1779
1 7 1780
1 7 1781
1 7 1782
1 7 1783
1 7 1784
1 7 1785
1 7 1786
1 7 1787
1 7 1788
1 7 1789
1 7 1790
1 7 1791
1 7 1792
1 7 1793
1 7 1794
1 7 1795
1 7 1796
