7 8 0
7 8 1
7 8 2
7 8 3
7 8 4
7 8 5
7 8 6
4 8 7
8 4 7
7 8 7
4 8 8
8 4 8
7 8 8
7 8 9
8 4 9
4 8 9
4 8 10
7 8 10
8 4 10
4 8 11
8 4 11
7 8 11
4 8 12
7 8 12
8 4 12
7 8 13
4 8 13
8 4 13
4 7 13
4 7 14
7 8 14
8 4 14
4 8 14
8 4 15
7 8 15
4 8 15
4 7 15
8 4 16
4 8 16
4 7 16
7 8 16
8 4 17
4 8 17
7 8 17
4 7 17
8 4 18
7 8 18
4 7 18
4 8 18
8 4 19
4 8 19
7 8 19
4 7 19
4 8 20
8 4 20
7 8 20
4 7 20
8 4 21
4 7 21
4 8 21
7 8 21
4 7 22
7 8 22
7 8 23
7 8 24
7 8 25
6 4 26
7 8 26
4 6 26
7 8 27
4 6 27
6 4 27
7 8 28
6 4 28
4 6 28
7 8 29
4 6 29
6 4 29
6 4 30
7 8 30
4 6 30
6 4 31
4 6 31
7 8 31
7 8 32
4 6 32
6 4 32
4 6 33
6 4 33
7 8 33
7 8 34
4 6 34
6 4 34
6 4 35
7 8 35
4 6 35
6 4 36
4 6 36
7 8 36
4 6 37
7 8 37
6 4 37
4 6 38
7 8 38
6 4 38
4 6 39
6 4 39
4 6 40
6 4 40
6 5 130
5 6 130
5 6 131
6 5 131
6 5 132
5 6 132
6 5 133
5 6 133
5 6 134
6 5 134
5 6 135
6 5 135
5 6 136
6 5 136
5 6 137
6 5 137
5 6 138
6 5 138
5 6 139
6 5 139
5 6 140
6 5 140
6 5 141
5 6 141
6 5 142
5 6 142
6 5 143
5 6 143
5 6 144
6 5 144
6 5 145
5 6 145
6 5 146
5 6 146
6 5 147
5 6 147
6 5 148
5 6 148
5 6 149
6 5 149
5 6 150
6 5 150
5 6 151
6 5 151
5 6 152
6 5 152
6 5 153
5 6 153
5 6 154
6 5 154
6 5 155
5 6 155
5 6 156
6 5 156
6 5 157
5 6 157
6 5 158
5 6 158
6 5 159
5 6 159
6 5 160
5 6 160
6 5 161
5 6 161
6 5 162
5 6 162
5 6 163
6 5 163
5 6 164
6 5 164
6 5 165
5 6 165
6 5 166
5 6 166
6 5 167
5 6 167
6 5 168
5 6 168
6 5 169
5 6 169
6 5 185
5 6 185
6 5 186
5 6 186
5 6 187
6 5 187
5 6 188
6 5 188
5 6 189
6 5 189
5 6 190
6 5 190
5 6 191
6 5 191
6 5 192
5 6 192
6 5 193
5 6 193
6 5 194
5 6 194
6 5 195
5 6 195
5 6 196
6 5 196
3 5 223
3 5 224
3 5 225
3 5 226
3 5 227
3 5 228
3 5 229
3 5 230
3 5 231
3 5 232
3 5 233
3 5 234
3 5 235
3 5 236
3 5 237
3 5 238
3 5 239
3 5 240
1 2 297
2 1 297
1 2 298
2 1 298
1 2 299
2 1 299
1 2 300
2 1 300
1 2 301
2 1 301
1 2 302
2 1 302
2 1 303
1 2 303
1 2 304
2 1 304
2 1 305
1 2 305
1 2 306
2 1 306
2 1 307
1 2 307
2 1 308
1 2 308
2 1 309
1 2 309
2 1 310
1 2 310
1 2 311
2 1 311
3 7 313
3 7 314
3 7 315
3 7 316
3 7 317
3 7 318
3 7 319
3 7 320
3 7 321
3 7 322
3 7 323
3 7 324
3 7 325
3 7 326
3 7 327
3 7 328
3 7 329
3 7 330
3 7 331
3 7 332
3 7 333
3 7 334
3 7 335
3 7 336
3 7 337
3 7 338
1 4 424
4 1 424
1 4 425
4 1 425
4 1 426
1 4 426
4 1 427
1 4 427
4 1 428
1 4 428
4 1 429
1 4 429
4 1 430
1 4 430
1 4 431
4 1 431
4 1 432
1 4 432
1 4 433
4 1 433
1 4 434
4 1 434
4 1 435
1 4 435
4 1 436
1 4 436
1 4 437
4 1 437
5 7 438
5 7 439
5 7 440
5 7 441
5 7 442
5 7 443
5 7 444
5 7 445
5 7 446
5 7 447
5 7 448
5 7 449
5 7 450
5 7 451
5 7 452
5 7 453
5 7 454
2 1 488
1 2 488
2 1 489
1 2 489
1 2 490
2 1 490
2 1 491
1 2 491
2 1 492
1 2 492
3 7 521
3 7 522
3 7 523
3 7 524
3 7 525
3 7 526
3 7 527
3 7 528
3 7 529
3 7 530
3 7 531
3 7 532
3 7 533
3 7 534
3 7 535
3 7 536
3 7 537
3 7 538
3 7 539
3 7 540
3 7 541
3 7 542
3 6 573
3 6 574
3 6 575
3 6 576
3 6 577
3 7 588
3 7 589
3 7 590
3 7 591
3 7 592
3 7 593
3 7 594
3 7 595
3 7 596
3 7 597
3 7 598
3 7 599
3 7 600
3 7 601
3 7 602
3 7 603
3 7 604
3 7 605
3 7 606
3 7 607
3 7 608
3 7 609
3 7 610
3 7 611
3 7 612
3 7 613
3 7 614
3 7 615
3 7 616
3 7 617
3 7 618
3 7 619
3 7 620
3 7 621
3 7 622
3 7 623
3 7 624
3 7 625
3 7 626
3 7 627
3 7 628
3 7 629
3 7 630
6 1 761
1 6 761
1 6 762
6 1 762
1 6 763
6 1 763
1 6 764
6 1 764
6 1 765
1 6 765
1 6 766
6 1 766
6 1 767
1 6 767
6 1 829
1 6 829
1 6 830
6 1 830
1 6 831
6 1 831
6 1 832
1 6 832
1 6 833
6 1 833
1 6 834
6 1 834
6 1 835
1 6 835
1 6 836
6 1 836
1 6 837
6 1 837
1 6 838
6 1 838
1 6 839
6 1 839
6 1 840
1 6 840
6 1 841
1 6 841
1 6 842
6 1 842
1 6 843
6 1 843
1 6 844
6 1 844
1 6 845
6 1 845
6 1 846
1 6 846
1 6 847
6 1 847
6 1 848
1 6 848
1 6 849
6 1 849
6 1 850
1 6 850
6 1 851
1 6 851
1 6 852
6 1 852
1 6 853
6 1 853
1 6 854
6 1 854
6 1 855
1 6 855
6 1 856
1 6 856
6 1 857
1 6 857
1 6 858
6 1 858
6 1 859
1 6 859
6 1 860
1 6 860
1 6 861
6 1 861
6 1 862
1 6 862
1 6 863
6 1 863
1 6 864
6 1 864
6 1 865
1 6 865
6 1 866
1 6 866
6 1 867
1 6 867
6 1 868
1 6 868
6 1 869
1 6 869
6 1 870
1 6 870
1 6 871
6 1 871
1 6 872
6 1 872
1 6 873
6 1 873
6 1 874
1 6 874
1 6 875
6 1 875
1 6 876
6 1 876
1 6 877
6 1 877
6 1 878
1 6 878
6 1 879
1 6 879
6 1 880
1 6 880
6 1 881
1 6 881
6 1 882
1 6 882
6 1 883
1 6 883
1 6 884
6 1 884
1 6 885
6 1 885
6 1 886
1 6 886
1 6 887
6 1 887
1 6 888
6 1 888
1 6 889
6 1 889
1 6 890
6 1 890
1 6 891
6 1 891
1 6 892
6 1 892
6 1 893
1 6 893
1 6 894
6 1 894
6 1 895
1 6 895
3 7 1126
3 7 1127
3 7 1128
3 7 1129
3 7 1130
3 7 1131
3 7 1132
3 7 1133
3 7 1134
3 7 1135
3 7 1136
3 7 1137
3 7 1138
3 7 1139
3 7 1140
3 7 1141
3 7 1142
3 7 1143
3 7 1144
3 7 1145
3 7 1146
3 7 1147
3 7 1148
3 7 1149
3 7 1150
3 7 1151
3 7 1152
3 7 1153
3 7 1154
3 7 1155
3 7 1156
3 7 1157
3 7 1158
3 7 1159
3 7 1160
3 7 1161
3 7 1162
3 7 1163
3 7 1164
3 7 1165
3 7 1166
3 7 1167
3 7 1168
3 7 1169
3 7 1170
6 2 1365
2 6 1365
6 2 1366
2 6 1366
2 6 1367
6 2 1367
2 6 1368
6 2 1368
6 2 1369
2 6 1369
2 6 1370
6 2 1370
2 6 1371
6 2 1371
2 6 1372
6 2 1372
6 2 1373
2 6 1373
6 2 1374
2 6 1374
6 2 1375
2 6 1375
6 2 1376
2 6 1376
2 6 1377
6 2 1377
2 6 1378
6 2 1378
2 6 1379
6 2 1379
6 2 1380
2 6 1380
2 6 1381
6 2 1381
6 2 1382
2 6 1382
2 6 1397
6 2 1397
2 6 1398
6 2 1398
2 6 1399
6 2 1399
2 6 1400
6 2 1400
2 6 1401
6 2 1401
6 2 1402
2 6 1402
6 2 1403
2 6 1403
6 2 1404
2 6 1404
2 6 1405
6 2 1405
2 6 1406
6 2 1406
6 2 1407
2 6 1407
2 6 1408
6 2 1408
2 6 1409
6 2 1409
6 2 1410
2 6 1410
6 2 1411
2 6 1411
2 6 1412
6 2 1412
2 6 1413
6 2 1413
2 6 1414
6 2 1414
6 2 1415
2 6 1415
6 2 1416
2 6 1416
6 2 1417
2 6 1417
6 2 1418
2 6 1418
6 2 1419
2 6 1419
6 2 1420
2 6 1420
6 2 1421
2 6 1421
2 6 1422
6 2 1422
6 2 1423
2 6 1423
2 6 1424
6 2 1424
6 2 1425
2 6 1425
2 6 1426
6 2 1426
2 6 1427
6 2 1427
6 2 1428
2 6 1428
2 6 1429
6 2 1429
6 2 1430
2 6 1430
2 6 1431
6 2 1431
2 6 1432
6 2 1432
2 6 1433
6 2 1433
2 6 1434
6 2 1434
2 6 1435
6 2 1435
6 2 1436
2 6 1436
2 6 1437
6 2 1437
6 2 1438
2 6 1438
2 6 1439
6 2 1439
6 2 1440
2 6 1440
6 2 1441
2 6 1441
2 6 1442
6 2 1442
6 2 1443
2 6 1443
2 6 1444
6 2 1444
2 6 1445
6 2 1445
2 6 1446
6 2 1446
2 6 1447
6 2 1447
6 2 1448
2 6 1448
2 6 1449
6 2 1449
2 6 1450
6 2 1450
2 6 1451
6 2 1451
6 2 1452
2 6 1452
2 6 1453
6 2 1453
6 2 1454
2 6 1454
2 6 1455
6 2 1455
2 6 1456
6 2 1456
2 6 1457
6 2 1457
2 6 1458
6 2 1458
2 6 1459
6 2 1459
2 6 1460
6 2 1460
2 6 1461
6 2 1461
2 6 1462
6 2 1462
2 6 1463
6 2 1463
6 2 1464
2 6 1464
6 2 1465
2 6 1465
2 6 1466
6 2 1466
2 6 1467
6 2 1467
6 2 1468
2 6 1468
2 6 1469
6 2 1469
2 6 1470
6 2 1470
2 6 1471
6 2 1471
2 6 1472
6 2 1472
6 2 1473
2 6 1473
6 2 1474
2 6 1474
6 2 1475
2 6 1475
6 2 1476
2 6 1476
6 2 1477
2 6 1477
6 2 1478
2 6 1478
2 6 1479
6 2 1479
2 6 1480
6 2 1480
6 2 1481
2 6 1481
2 6 1482
6 2 1482
2 6 1483
6 2 1483
2 6 1484
6 2 1484
2 6 1485
6 2 1485
2 6 1486
6 2 1486
2 6 1487
6 2 1487
2 6 1488
6 2 1488
2 6 1489
6 2 1489
6 2 1490
2 6 1490
2 6 1491
6 2 1491
6 2 1492
2 6 1492
6 2 1493
2 6 1493
2 6 1494
6 2 1494
6 2 1495
2 6 1495
6 2 1496
2 6 1496
6 2 1497
2 6 1497
6 2 1498
2 6 1498
6 2 1499
2 6 1499
2 6 1500
6 2 1500
6 2 1501
2 6 1501
6 2 1502
2 6 1502
2 6 1503
6 2 1503
6 2 1504
2 6 1504
6 2 1505
2 6 1505
6 2 1506
2 6 1506
2 6 1507
6 2 1507
2 6 1508
6 2 1508
2 6 1509
6 2 1509
2 6 1510
6 2 1510
2 6 1511
6 2 1511
2 6 1512
6 2 1512
2 6 1513
6 2 1513
2 6 1514
6 2 1514
2 6 1515
6 2 1515
2 6 1516
6 2 1516
2 6 1517
6 2 1517
2 6 1518
6 2 1518
2 6 1519
6 2 1519
2 6 1520
6 2 1520
6 2 1521
2 6 1521
6 2 1522
2 6 1522
6 2 1523
2 6 1523
6 2 1524
2 6 1524
6 2 1525
2 6 1525
6 2 1526
2 6 1526
6 2 1527
2 6 1527
6 2 1528
2 6 1528
6 2 1529
2 6 1529
6 2 1530
2 6 1530
6 2 1531
2 6 1531
2 6 1532
6 2 1532
6 2 1533
2 6 1533
2 6 1534
6 2 1534
2 6 1535
6 2 1535
2 6 1536
6 2 1536
2 6 1537
6 2 1537
2 6 1538
6 2 1538
2 6 1539
6 2 1539
6 2 1540
2 6 1540
6 2 1541
2 6 1541
6 2 1542
2 6 1542
6 2 1543
2 6 1543
6 2 1544
2 6 1544
6 2 1545
2 6 1545
2 6 1546
6 2 1546
2 6 1547
6 2 1547
6 2 1548
2 6 1548
2 6 1549
6 2 1549
6 2 1550
2 6 1550
2 6 1551
6 2 1551
2 6 1552
6 2 1552
2 6 1553
6 2 1553
2 6 1554
6 2 1554
6 2 1555
2 6 1555
2 6 1556
6 2 1556
2 6 1557
6 2 1557
6 2 1558
2 6 1558
6 2 1559
2 6 1559
6 2 1560
2 6 1560
2 6 1561
6 2 1561
2 6 1562
6 2 1562
2 6 1563
6 2 1563
6 2 1564
2 6 1564
2 6 1565
6 2 1565
2 6 1566
6 2 1566
2 6 1567
6 2 1567
6 2 1568
2 6 1568
2 6 1569
6 2 1569
2 6 1570
6 2 1570
6 2 1571
2 6 1571
6 2 1572
2 6 1572
6 2 1573
2 6 1573
2 6 1574
6 2 1574
6 2 1575
2 6 1575
2 6 1576
6 2 1576
2 6 1577
6 2 1577
6 2 1578
2 6 1578
2 6 1579
6 2 1579
2 6 1580
6 2 1580
6 2 1581
2 6 1581
6 2 1582
2 6 1582
2 6 1602
6 2 1602
2 6 1603
6 2 1603
2 6 1604
6 2 1604
2 6 1605
6 2 1605
6 2 1606
2 6 1606
6 2 1607
2 6 1607
6 2 1608
2 6 1608
6 2 1609
2 6 1609
2 6 1610
6 2 1610
2 6 1611
6 2 1611
2 6 1612
6 2 1612
2 6 1613
6 2 1613
6 2 1614
2 6 1614
6 2 1615
2 6 1615
6 2 1616
2 6 1616
6 2 1617
2 6 1617
6 2 1618
2 6 1618
6 7 1646
6 7 1647
6 7 1648
6 7 1649
6 7 1650
6 2 1651
2 6 1651
6 7 1651
6 7 1652
2 6 1652
6 2 1652
2 6 1653
6 2 1653
6 7 1653
2 6 1654
6 2 1654
2 6 1655
6 2 1655
