7 8 0
7 8 1
7 8 2
7 8 3
8 4 3
4 8 3
4 8 4
8 4 4
8 4 7
4 8 7
8 4 8
4 8 8
8 4 9
7 8 9
4 8 9
7 8 10
4 8 10
8 4 10
4 8 11
7 8 11
8 4 11
7 8 12
7 8 13
7 8 14
7 8 15
7 8 16
7 8 17
7 8 18
7 8 19
7 8 20
6 5 127
5 6 127
5 6 128
6 5 128
5 6 129
6 5 129
5 6 130
6 5 130
6 5 131
5 6 131
5 6 132
6 5 132
6 5 133
5 6 133
6 5 134
5 6 134
6 5 135
5 6 135
5 6 136
6 5 136
6 5 137
5 6 137
6 5 138
5 6 138
5 6 139
6 5 139
5 6 140
6 5 140
5 6 141
6 5 141
5 6 142
6 5 142
6 5 143
5 6 143
6 5 144
5 6 144
5 6 145
6 5 145
5 6 146
6 5 146
5 6 147
6 5 147
6 5 148
5 6 148
5 6 149
6 5 149
6 5 150
5 6 150
6 5 151
5 6 151
6 5 152
5 6 152
6 5 153
5 6 153
5 6 154
6 5 154
5 6 155
6 5 155
3 7 311
3 7 312
3 7 313
3 7 314
3 7 315
3 7 316
3 7 317
3 7 318
3 7 319
3 7 320
3 7 321
3 7 322
3 7 323
3 7 324
3 7 325
3 7 326
3 7 327
4 1 422
1 4 422
5 7 439
5 7 440
5 7 441
5 7 442
5 7 443
5 7 444
5 7 445
5 7 446
5 7 447
3 7 520
3 7 521
3 7 522
3 7 523
3 7 524
3 7 525
3 7 526
3 7 527
3 7 528
3 7 529
3 7 530
3 7 531
3 7 598
3 7 599
3 7 600
3 7 601
3 7 602
3 7 603
3 7 604
3 7 605
3 7 606
3 7 607
3 7 608
3 7 609
3 7 610
3 7 611
3 7 612
3 7 613
3 7 614
3 7 615
3 7 616
3 7 617
3 7 618
1 6 836
6 1 836
1 6 837
6 1 837
1 6 838
6 1 838
6 1 839
1 6 839
1 6 840
6 1 840
6 1 852
1 6 852
6 1 853
1 6 853
6 1 854
1 6 854
1 6 855
6 1 855
1 6 856
6 1 856
1 6 857
6 1 857
6 1 858
1 6 858
1 6 859
6 1 859
1 6 860
6 1 860
6 1 861
1 6 861
6 1 862
1 6 862
6 1 863
1 6 863
6 1 864
1 6 864
6 1 865
1 6 865
6 1 866
1 6 866
6 1 867
1 6 867
1 6 868
6 1 868
6 1 869
1 6 869
6 1 870
1 6 870
6 1 871
1 6 871
1 6 872
6 1 872
6 1 873
1 6 873
1 6 874
6 1 874
6 1 875
1 6 875
1 6 876
6 1 876
6 1 877
1 6 877
3 7 1125
3 7 1126
3 7 1127
3 7 1128
3 7 1129
3 7 1130
3 7 1131
3 7 1132
3 7 1133
3 7 1134
3 7 1135
3 7 1136
3 7 1137
3 7 1138
3 7 1139
3 7 1140
3 7 1141
3 7 1142
3 7 1143
3 7 1144
3 7 1145
3 7 1146
3 7 1147
3 7 1148
3 7 1149
3 7 1150
3 7 1151
3 7 1152
3 7 1153
2 6 1397
6 2 1397
2 6 1398
6 2 1398
2 6 1399
6 2 1399
6 2 1400
2 6 1400
2 6 1401
6 2 1401
2 6 1402
6 2 1402
2 6 1403
6 2 1403
2 6 1404
6 2 1404
2 6 1405
6 2 1405
2 6 1406
6 2 1406
6 2 1407
2 6 1407
2 6 1408
6 2 1408
2 6 1409
6 2 1409
6 2 1410
2 6 1410
2 6 1411
6 2 1411
2 6 1412
6 2 1412
2 6 1413
6 2 1413
6 2 1414
2 6 1414
6 2 1415
2 6 1415
6 2 1416
2 6 1416
6 2 1417
2 6 1417
2 6 1418
6 2 1418
6 2 1419
2 6 1419
2 6 1433
6 2 1433
2 6 1434
6 2 1434
6 2 1435
2 6 1435
2 6 1436
6 2 1436
2 6 1437
6 2 1437
2 6 1438
6 2 1438
2 6 1439
6 2 1439
2 6 1440
6 2 1440
6 2 1441
2 6 1441
6 2 1442
2 6 1442
6 2 1443
2 6 1443
6 2 1444
2 6 1444
6 2 1445
2 6 1445
2 6 1446
6 2 1446
2 6 1447
6 2 1447
6 2 1448
2 6 1448
6 2 1449
2 6 1449
2 6 1450
6 2 1450
2 6 1451
6 2 1451
2 6 1452
6 2 1452
2 6 1453
6 2 1453
6 2 1454
2 6 1454
6 2 1455
2 6 1455
2 6 1456
6 2 1456
6 2 1457
2 6 1457
2 6 1458
6 2 1458
2 6 1459
6 2 1459
2 6 1460
6 2 1460
2 6 1461
6 2 1461
2 6 1462
6 2 1462
2 6 1463
6 2 1463
6 2 1464
2 6 1464
2 6 1465
6 2 1465
6 2 1466
2 6 1466
2 6 1467
6 2 1467
2 6 1468
6 2 1468
6 2 1469
2 6 1469
6 2 1470
2 6 1470
6 2 1471
2 6 1471
6 2 1472
2 6 1472
2 6 1473
6 2 1473
6 2 1474
2 6 1474
6 2 1475
2 6 1475
2 6 1476
6 2 1476
2 6 1477
6 2 1477
2 6 1478
6 2 1478
2 6 1479
6 2 1479
6 2 1480
2 6 1480
6 2 1481
2 6 1481
6 2 1482
2 6 1482
6 2 1483
2 6 1483
2 6 1484
6 2 1484
6 2 1485
2 6 1485
6 2 1486
2 6 1486
2 6 1487
6 2 1487
2 6 1488
6 2 1488
6 2 1489
2 6 1489
6 2 1490
2 6 1490
2 6 1491
6 2 1491
2 6 1492
6 2 1492
2 6 1493
6 2 1493
2 6 1494
6 2 1494
2 6 1495
6 2 1495
2 6 1496
6 2 1496
6 2 1497
2 6 1497
2 6 1498
6 2 1498
6 2 1499
2 6 1499
2 6 1500
6 2 1500
6 2 1510
2 6 1510
6 2 1511
2 6 1511
2 6 1512
6 2 1512
6 2 1513
2 6 1513
6 2 1514
2 6 1514
6 2 1515
2 6 1515
2 6 1516
6 2 1516
6 2 1517
2 6 1517
6 2 1518
2 6 1518
6 2 1519
2 6 1519
6 2 1520
2 6 1520
2 6 1521
6 2 1521
6 2 1522
2 6 1522
6 2 1523
2 6 1523
2 6 1524
6 2 1524
2 6 1525
6 2 1525
2 6 1526
6 2 1526
2 6 1527
6 2 1527
2 6 1528
6 2 1528
2 6 1529
6 2 1529
2 6 1530
6 2 1530
2 6 1531
6 2 1531
2 6 1532
6 2 1532
6 2 1533
2 6 1533
6 2 1534
2 6 1534
2 6 1535
6 2 1535
6 2 1536
2 6 1536
2 6 1537
6 2 1537
2 6 1538
6 2 1538
2 6 1539
6 2 1539
2 6 1540
6 2 1540
2 6 1541
6 2 1541
6 2 1542
2 6 1542
2 6 1543
6 2 1543
2 6 1544
6 2 1544
6 2 1545
2 6 1545
2 6 1546
6 2 1546
2 6 1547
6 2 1547
6 2 1548
2 6 1548
6 2 1549
2 6 1549
6 2 1550
2 6 1550
2 6 1551
6 2 1551
6 2 1552
2 6 1552
6 2 1553
2 6 1553
6 2 1554
2 6 1554
6 2 1555
2 6 1555
2 6 1556
6 2 1556
6 2 1557
2 6 1557
2 6 1558
6 2 1558
2 6 1559
6 2 1559
6 2 1560
2 6 1560
2 6 1561
6 2 1561
2 6 1647
6 2 1647
2 6 1648
6 2 1648
