1 3 0
3 1 0
3 1 1
1 3 1
3 1 2
1 3 2
3 1 3
1 3 3
1 3 4
3 1 4
1 3 5
3 1 5
3 1 6
1 3 6
3 1 7
1 3 7
1 3 8
3 1 8
1 3 9
3 1 9
1 3 10
3 1 10
1 3 11
3 1 11
1 3 12
3 1 12
1 3 13
3 1 13
3 1 14
1 3 14
3 1 15
1 3 15
1 3 16
3 1 16
1 3 17
3 1 17
3 1 18
1 3 18
3 1 19
1 3 19
3 1 20
1 3 20
3 1 21
1 3 21
3 1 22
1 3 22
3 1 23
1 3 23
3 1 24
1 3 24
1 3 25
3 1 25
3 1 26
1 3 26
1 3 27
3 1 27
3 1 28
1 3 28
1 3 29
3 1 29
5 6 155
5 6 156
5 6 157
5 6 158
5 6 159
5 6 160
5 6 161
5 6 162
5 6 163
5 6 164
5 6 165
5 6 166
5 6 167
5 6 168
5 6 169
5 6 170
5 6 171
5 6 172
5 6 173
5 6 174
5 6 175
5 6 176
5 6 177
5 6 191
5 6 192
5 6 193
5 6 194
5 6 195
5 6 220
5 6 221
5 6 222
5 6 223
5 6 224
5 6 225
7 8 314
7 8 315
7 8 316
7 8 317
7 8 318
7 8 319
7 8 320
7 8 321
7 8 322
4 5 414
4 5 415
4 5 416
4 5 417
4 5 418
4 5 419
4 5 420
4 5 421
4 5 422
4 5 423
4 5 424
4 5 425
4 5 426
3 2 427
4 5 427
2 3 427
4 5 428
2 3 428
3 2 428
3 2 429
4 5 429
2 3 429
3 2 430
2 3 430
4 5 430
2 3 431
4 5 431
3 2 431
4 5 432
2 3 432
3 2 432
3 2 433
2 3 433
4 5 433
4 5 434
2 3 434
3 2 434
4 5 435
2 3 435
3 2 435
2 3 436
3 2 436
4 5 436
4 5 437
3 2 437
2 3 437
3 2 438
4 5 438
2 3 438
4 5 439
4 5 440
4 5 441
4 5 442
4 5 443
4 5 444
4 5 445
4 5 446
1 2 463
2 1 463
2 1 464
1 2 464
2 1 465
1 2 465
1 2 466
2 1 466
1 2 467
2 1 467
1 2 468
2 1 468
1 2 469
2 1 469
2 1 470
1 2 470
2 1 471
1 2 471
1 2 472
2 1 472
2 4 573
4 2 573
4 2 574
2 4 574
4 2 575
2 4 575
4 2 576
2 4 576
4 2 577
2 4 577
4 2 578
2 4 578
3 4 579
4 2 579
2 4 579
4 3 579
4 3 580
3 4 580
2 4 580
4 2 580
4 3 581
4 2 581
3 4 581
2 4 581
4 2 582
4 3 582
3 4 582
2 4 582
4 3 583
2 4 583
4 2 583
3 4 583
4 3 584
3 4 584
4 3 585
3 4 585
3 4 586
4 3 586
3 4 587
4 3 587
4 3 588
3 4 588
3 4 589
4 3 589
3 4 590
4 3 590
3 4 591
4 3 591
4 3 592
3 4 592
3 4 593
4 3 593
4 3 594
3 4 594
3 4 595
4 3 595
4 3 596
3 4 596
4 3 597
3 4 597
2 3 597
3 2 597
3 4 598
4 3 598
3 2 598
2 3 598
3 4 599
2 3 599
3 2 599
4 3 599
2 3 600
3 4 600
3 2 600
4 3 600
3 2 601
3 4 601
2 3 601
4 3 601
3 4 602
4 3 602
3 2 602
2 3 602
3 4 603
3 2 603
2 3 603
4 3 603
3 4 604
2 3 604
3 2 604
4 3 604
4 3 605
2 3 605
3 4 605
3 2 605
3 2 606
2 3 606
3 4 606
4 3 606
2 3 607
4 3 607
3 2 607
3 4 607
2 3 608
3 2 608
3 4 608
4 3 608
2 3 609
3 4 609
3 2 609
4 3 609
2 3 610
4 3 610
3 2 610
3 4 610
4 3 611
3 2 611
2 3 611
3 4 611
3 4 612
3 2 612
2 3 612
4 3 612
2 3 613
3 4 613
4 3 613
3 2 613
3 4 614
2 3 614
3 2 614
4 3 614
4 3 615
3 2 615
2 3 615
3 4 615
3 4 616
2 3 616
4 3 616
3 2 616
3 4 617
2 3 617
3 2 617
4 3 617
3 2 618
3 4 618
2 3 618
4 3 618
3 2 619
3 4 619
2 3 619
4 3 619
2 3 620
3 4 620
3 2 620
4 3 620
4 3 621
3 4 621
3 4 622
4 3 622
3 4 623
4 3 623
3 4 624
4 3 624
3 4 625
4 3 625
4 3 626
3 4 626
4 3 627
3 4 627
4 3 628
3 4 628
3 4 629
4 3 629
4 3 630
3 4 630
4 3 631
3 4 631
4 3 632
3 4 632
4 3 633
3 4 633
4 3 634
3 4 634
3 4 635
4 3 635
4 3 636
3 4 636
3 4 637
4 3 637
4 3 638
3 4 638
4 3 639
3 4 639
4 3 640
3 4 640
4 2 642
2 4 642
4 2 643
2 4 643
4 2 644
2 4 644
4 2 645
2 4 645
2 4 646
4 2 646
2 4 647
4 2 647
4 2 648
2 4 648
2 4 649
4 2 649
2 4 650
4 2 650
4 2 651
2 4 651
2 4 652
4 2 652
2 4 653
4 2 653
2 4 654
4 2 654
4 2 655
2 4 655
4 2 656
2 4 656
2 4 657
4 2 657
2 4 658
4 2 658
2 4 659
4 2 659
2 4 660
4 2 660
2 4 661
4 2 661
4 2 662
2 4 662
2 4 663
4 2 663
4 2 664
2 4 664
4 2 665
2 4 665
2 4 666
4 2 666
2 4 667
4 2 667
2 4 668
4 2 668
2 4 669
4 2 669
2 4 670
4 2 670
4 2 671
2 4 671
4 2 672
2 4 672
2 4 673
4 2 673
2 4 674
4 2 674
4 2 675
2 4 675
2 4 676
4 2 676
4 2 677
2 4 677
1 7 678
4 2 678
2 4 678
1 7 679
2 4 679
4 2 679
2 4 680
4 2 680
2 4 681
4 2 681
4 2 682
2 4 682
2 4 683
4 2 683
2 4 684
4 2 684
4 2 685
2 4 685
2 4 686
4 2 686
4 2 687
2 4 687
3 5 867
3 5 868
3 5 869
3 5 870
3 5 871
3 5 872
3 5 873
3 5 874
3 5 875
3 5 876
3 5 877
3 5 878
3 5 879
5 6 973
5 6 974
5 6 975
5 6 976
5 6 977
5 6 992
5 6 993
5 6 994
5 6 995
5 6 996
5 6 997
5 6 998
5 6 999
5 6 1000
5 6 1001
5 6 1002
5 6 1003
5 6 1004
5 6 1005
5 6 1006
5 6 1007
5 6 1008
5 6 1009
5 6 1010
5 6 1011
5 6 1012
5 6 1013
5 6 1014
5 6 1015
5 6 1016
5 6 1017
5 6 1018
5 6 1019
5 6 1020
5 6 1021
5 6 1022
5 6 1023
5 6 1024
5 6 1025
5 6 1026
5 6 1027
5 6 1028
5 6 1029
5 6 1030
5 6 1031
5 6 1032
5 6 1033
4 5 1486
4 5 1487
4 5 1488
4 5 1489
4 5 1490
4 5 1491
4 5 1492
4 5 1493
4 5 1494
4 5 1495
4 5 1496
4 5 1497
4 5 1498
4 5 1499
4 5 1500
4 5 1501
4 5 1502
4 5 1503
4 5 1504
4 5 1505
4 5 1506
4 5 1507
4 5 1508
4 5 1509
4 5 1510
4 5 1511
4 5 1512
4 5 1513
4 5 1514
4 5 1515
4 5 1516
4 5 1517
4 5 1518
4 5 1519
4 5 1520
4 5 1521
4 5 1522
4 5 1523
4 5 1524
4 5 1525
4 5 1526
4 5 1527
4 5 1528
4 5 1529
2 5 1673
2 5 1674
2 5 1675
2 5 1676
2 5 1677
2 5 1678
2 5 1679
2 5 1680
2 5 1681
2 5 1682
2 5 1683
2 5 1684
2 5 1685
2 5 1686
2 5 1687
2 5 1688
2 5 1689
2 5 1690
2 5 1691
2 5 1692
2 5 1693
2 5 1694
2 5 1695
2 5 1696
2 5 1697
2 5 1698
2 5 1699
2 5 1700
2 5 1701
2 5 1702
2 5 1703
2 5 1704
2 5 1705
2 5 1706
2 5 1707
2 5 1708
2 5 1709
2 5 1710
2 5 1711
2 5 1712
2 5 1713
3 5 1714
3 5 1715
3 5 1716
3 5 1717
3 5 1718
3 5 1721
3 5 1722
3 5 1723
3 5 1724
3 5 1725
3 5 1726
3 5 1727
3 5 1728
3 5 1729
3 5 1730
3 5 1731
3 5 1732
3 5 1733
3 5 1734
3 5 1735
3 5 1736
3 5 1737
3 5 1738
3 5 1739
3 5 1740
3 5 1741
3 5 1742
3 5 1743
3 5 1744
3 5 1745
3 5 1746
3 5 1747
3 5 1748
3 5 1749
3 5 1750
3 5 1751
3 5 1752
3 5 1753
3 5 1754
3 5 1755
3 5 1756
3 5 1757
3 5 1758
3 5 1759
3 5 1760
3 5 1761
3 5 1762
3 5 1763
3 5 1764
3 5 1765
3 5 1766
3 5 1767
3 5 1768
3 5 1769
3 5 1770
3 5 1771
3 5 1772
3 5 1773
3 5 1774
3 5 1775
3 5 1776
3 5 1777
3 5 1778
3 5 1779
3 5 1780
3 5 1781
3 5 1782
3 5 1783
3 5 1784
3 5 1785
3 5 1786
