3 5 0
5 3 0
3 5 1
5 3 1
3 5 2
5 3 2
3 5 3
5 3 3
3 5 4
5 3 4
5 3 5
3 5 5
5 3 6
3 5 6
5 3 7
3 5 7
5 3 8
3 5 8
3 5 9
5 3 9
3 5 10
5 3 10
3 5 11
5 3 11
5 3 12
3 5 12
5 3 13
3 5 13
4 2 99
2 4 99
4 2 100
2 4 100
2 4 101
4 2 101
2 4 102
4 2 102
2 4 103
4 2 103
4 2 104
2 4 104
1 5 1330
1 5 1331
1 5 1332
1 5 1333
1 5 1334
1 5 1335
1 5 1336
1 5 1337
1 5 1338
1 5 1339
1 5 1340
1 5 1341
1 5 1342
1 5 1343
1 5 1344
3 5 1392
5 3 1392
5 3 1393
3 5 1393
3 5 1394
5 3 1394
3 5 1395
5 3 1395
5 3 1396
3 5 1396
5 3 1397
3 5 1397
5 3 1398
3 5 1398
5 3 1399
3 5 1399
5 3 1400
3 5 1400
5 3 1401
3 5 1401
5 3 1402
3 5 1402
3 5 1403
5 3 1403
3 5 1404
5 3 1404
3 5 1405
5 3 1405
3 5 1406
5 3 1406
3 5 1407
5 3 1407
3 5 1408
5 3 1408
3 5 1409
5 3 1409
