1 5 0
1 5 1
1 5 2
6 8 3
1 5 3
8 6 3
7 2 4
8 6 4
1 5 4
6 8 4
1 3 4
2 7 4
9 1 5
7 2 5
8 4 5
4 1 5
8 6 5
6 4 5
6 8 5
4 8 5
2 7 5
1 3 5
1 9 5
4 6 5
5 9 5
1 4 5
1 5 5
7 2 6
8 4 6
4 1 6
6 8 6
6 4 6
9 1 6
9 4 6
8 6 6
9 8 6
4 6 6
8 9 6
4 9 6
1 4 6
4 8 6
2 7 6
1 9 6
5 9 6
1 3 6
1 5 6
9 1 7
1 3 7
9 8 7
6 1 7
8 4 7
7 2 7
8 6 7
9 6 7
6 4 7
1 4 7
1 9 7
5 9 7
1 5 7
9 4 7
4 1 7
4 9 7
6 9 7
4 6 7
6 8 7
8 9 7
4 5 7
1 6 7
4 8 7
2 7 7
1 6 8
1 5 8
4 9 8
4 5 8
6 9 8
5 9 8
6 8 8
9 6 8
8 6 8
6 4 8
9 1 8
8 1 8
7 2 8
8 4 8
9 8 8
4 1 8
1 3 8
5 8 8
9 4 8
8 9 8
4 8 8
5 6 8
2 7 8
1 8 8
1 9 8
4 6 8
6 1 8
1 4 8
9 1 9
8 4 9
6 1 9
4 1 9
5 6 9
4 6 9
1 3 9
5 9 9
9 4 9
2 7 9
6 9 9
1 8 9
9 6 9
8 6 9
6 4 9
8 1 9
9 8 9
4 5 9
1 5 9
6 8 9
8 9 9
5 8 9
4 8 9
1 6 9
1 4 9
1 9 9
7 2 9
4 9 9
9 8 10
8 1 10
2 7 10
1 8 10
1 9 10
5 6 10
5 9 10
1 5 10
4 8 10
6 8 10
1 6 10
1 3 10
7 2 10
4 9 10
4 6 10
8 9 10
1 4 10
9 1 10
8 4 10
5 8 10
6 1 10
9 4 10
8 6 10
4 1 10
9 6 10
4 5 10
6 9 10
6 4 10
9 8 11
4 1 11
9 4 11
8 6 11
6 1 11
8 4 11
6 4 11
9 1 11
8 1 11
9 6 11
1 3 11
8 9 11
1 9 11
5 8 11
4 6 11
4 8 11
6 8 11
5 6 11
1 6 11
5 9 11
4 9 11
6 9 11
4 5 11
1 8 11
1 4 11
1 5 11
9 8 12
8 9 12
4 5 12
1 9 12
9 1 12
8 1 12
3 4 12
8 4 12
9 4 12
4 1 12
6 4 12
1 8 12
6 1 12
1 6 12
8 6 12
3 6 12
5 9 12
4 9 12
9 6 12
6 8 12
6 9 12
4 6 12
1 3 12
5 8 12
1 5 12
4 8 12
5 6 12
1 4 12
8 1 13
6 1 13
8 6 13
8 4 13
9 1 13
4 1 13
9 8 13
9 6 13
4 9 13
5 9 13
5 8 13
1 5 13
6 9 13
3 4 13
4 6 13
9 4 13
1 4 13
4 8 13
1 3 13
1 6 13
5 6 13
8 9 13
1 8 13
4 5 13
6 8 13
1 9 13
6 4 13
3 6 13
1 8 14
3 4 14
8 9 14
1 4 14
6 8 14
1 3 14
4 5 14
4 9 14
1 9 14
3 8 14
6 9 14
5 8 14
4 8 14
3 6 14
5 9 14
1 5 14
1 6 14
9 8 14
4 6 14
6 1 14
6 4 14
8 1 14
8 4 14
5 6 14
9 1 14
9 4 14
8 6 14
4 1 14
9 6 14
4 6 15
5 9 15
6 9 15
4 5 15
4 9 15
1 8 15
5 8 15
1 6 15
1 3 15
6 8 15
4 8 15
8 9 15
1 4 15
9 6 15
1 9 15
5 6 15
1 5 15
3 4 15
6 1 15
8 1 15
8 4 15
9 4 15
9 1 15
6 4 15
8 6 15
9 8 15
3 6 15
4 1 15
6 9 16
1 8 16
3 6 16
4 6 16
7 8 16
1 6 16
8 9 16
6 8 16
1 9 16
4 5 16
5 9 16
3 4 16
7 9 16
4 9 16
9 4 16
1 5 16
9 6 16
8 1 16
6 4 16
8 7 16
9 8 16
8 4 16
8 6 16
9 1 16
6 1 16
1 4 16
4 8 16
1 3 16
5 8 16
5 6 16
9 7 16
4 1 16
8 1 17
9 8 17
8 6 17
9 1 17
7 4 17
8 7 17
9 6 17
8 4 17
7 1 17
9 4 17
4 1 17
6 1 17
6 4 17
9 7 17
4 6 17
7 8 17
6 9 17
5 6 17
7 9 17
1 5 17
5 9 17
6 7 17
4 7 17
1 4 17
1 3 17
3 4 17
7 6 17
5 7 17
1 7 17
4 5 17
4 8 17
4 9 17
5 8 17
1 9 17
1 6 17
8 9 17
1 8 17
6 8 17
3 6 17
6 1 18
4 6 18
6 4 18
9 8 18
4 1 18
7 1 18
8 1 18
9 7 18
7 4 18
9 1 18
7 6 18
8 4 18
9 4 18
8 7 18
8 6 18
8 9 18
9 6 18
1 3 18
3 4 18
5 8 18
1 4 18
1 6 18
6 8 18
7 8 18
4 9 18
4 8 18
6 7 18
1 9 18
4 5 18
1 7 18
4 7 18
7 9 18
5 6 18
3 6 18
6 9 18
5 9 18
5 7 18
1 5 18
1 8 18
1 6 19
4 5 19
5 8 19
3 4 19
3 6 19
7 8 19
1 9 19
1 4 19
7 9 19
1 5 19
4 9 19
1 3 19
4 7 19
6 8 19
1 7 19
4 8 19
6 9 19
6 7 19
9 7 19
4 6 19
1 8 19
5 6 19
5 7 19
8 1 19
9 8 19
8 4 19
8 6 19
7 4 19
9 4 19
4 1 19
9 6 19
9 1 19
8 7 19
6 1 19
7 1 19
7 6 19
6 4 19
5 9 19
8 9 19
4 9 20
9 7 20
5 9 20
3 6 20
4 7 20
6 7 20
5 6 20
4 5 20
3 4 20
8 9 20
4 6 20
5 8 20
1 7 20
1 4 20
1 9 20
1 6 20
1 5 20
7 8 20
4 8 20
1 3 20
6 8 20
6 9 20
8 6 20
9 6 20
8 4 20
8 7 20
7 4 20
7 6 20
9 8 20
8 1 20
7 1 20
9 4 20
4 1 20
9 1 20
6 1 20
1 8 20
5 7 20
6 4 20
7 9 20
1 5 21
4 5 21
5 6 21
6 8 21
1 8 21
4 6 21
3 6 21
5 9 21
6 9 21
4 9 21
4 8 21
6 7 21
7 8 21
8 9 21
7 9 21
4 7 21
5 8 21
1 3 21
1 7 21
3 4 21
1 6 21
1 4 21
1 9 21
5 7 21
6 1 21
8 6 21
8 1 21
9 6 21
6 4 21
4 1 21
7 6 21
9 4 21
9 8 21
8 4 21
9 7 21
7 4 21
9 1 21
7 1 21
8 7 21
7 4 22
9 4 22
7 1 22
8 7 22
4 1 22
9 6 22
6 4 22
4 9 22
9 8 22
9 7 22
8 1 22
8 4 22
6 1 22
8 6 22
9 1 22
7 6 22
1 5 22
1 7 22
4 8 22
7 9 22
1 8 22
4 6 22
1 6 22
6 8 22
1 9 22
4 5 22
5 6 22
8 9 22
1 3 22
5 8 22
5 7 22
6 9 22
1 4 22
5 9 22
7 8 22
3 4 22
3 6 22
4 7 22
6 7 22
8 7 23
7 4 23
9 4 23
6 1 23
7 1 23
8 6 23
9 8 23
4 1 23
9 7 23
9 6 23
9 1 23
7 6 23
8 1 23
6 4 23
6 9 23
8 9 23
3 4 23
1 4 23
7 9 23
5 9 23
8 4 23
4 5 23
7 8 23
6 7 23
5 8 23
1 3 23
6 8 23
1 9 23
1 8 23
4 6 23
5 7 23
4 8 23
4 7 23
1 5 23
5 6 23
4 9 23
1 6 23
1 7 23
5 9 24
1 5 24
4 8 24
1 4 24
5 8 24
6 7 24
1 8 24
1 6 24
8 9 24
1 7 24
7 9 24
5 7 24
4 6 24
4 7 24
1 9 24
6 8 24
4 9 24
5 6 24
4 5 24
7 8 24
6 9 24
1 3 24
7 6 24
9 6 24
6 1 24
9 8 24
9 7 24
8 7 24
6 4 24
7 1 24
9 1 24
8 6 24
9 4 24
8 1 24
4 1 24
8 4 24
7 4 24
8 7 25
1 5 25
1 8 25
8 1 25
7 1 25
9 6 25
8 4 25
7 4 25
9 7 25
4 1 25
6 4 25
9 4 25
8 6 25
6 1 25
9 8 25
5 9 25
9 1 25
4 5 25
5 7 25
6 9 25
7 6 25
6 7 25
7 9 25
1 7 25
1 6 25
6 8 25
4 9 25
4 6 25
1 4 25
5 6 25
5 8 25
8 9 25
1 3 25
4 7 25
7 8 25
4 8 25
1 9 25
5 6 26
5 9 26
4 5 26
6 7 26
5 8 26
5 7 26
1 6 26
1 7 26
1 3 26
1 8 26
4 9 26
1 4 26
7 9 26
4 7 26
8 9 26
6 9 26
4 6 26
4 8 26
1 5 26
7 8 26
1 9 26
6 8 26
8 7 26
7 6 26
8 6 26
9 8 26
6 4 26
6 1 26
8 4 26
7 1 26
9 6 26
9 1 26
9 4 26
4 1 26
9 7 26
7 4 26
8 1 26
6 4 27
6 1 27
7 6 27
8 6 27
9 7 27
7 1 27
5 6 27
4 1 27
7 4 27
8 4 27
8 7 27
9 6 27
9 1 27
9 8 27
8 1 27
9 4 27
1 4 27
7 8 27
1 6 27
5 8 27
4 6 27
1 9 27
1 3 27
7 9 27
1 7 27
4 9 27
6 7 27
4 7 27
6 9 27
5 7 27
4 5 27
5 9 27
1 8 27
8 9 27
1 5 27
4 8 27
6 8 27
8 7 28
7 6 28
9 8 28
7 4 28
6 4 28
6 1 28
9 4 28
4 1 28
9 1 28
8 4 28
9 7 28
8 1 28
9 6 28
7 1 28
8 6 28
4 5 28
1 9 28
5 6 28
3 8 28
4 7 28
3 7 28
8 9 28
6 7 28
4 6 28
1 6 28
5 9 28
1 4 28
4 9 28
7 8 28
5 8 28
1 7 28
6 8 28
6 9 28
5 7 28
1 8 28
7 9 28
4 8 28
1 5 28
1 3 28
3 5 29
5 8 29
7 8 29
4 1 29
5 3 29
7 1 29
7 4 29
1 7 29
9 6 29
8 7 29
4 5 29
3 9 29
1 4 29
6 8 29
4 9 29
4 8 29
5 7 29
8 9 29
3 7 29
5 6 29
1 5 29
4 7 29
5 9 29
4 6 29
3 8 29
8 1 29
6 7 29
7 9 29
1 9 29
1 8 29
6 9 29
1 6 29
9 1 29
1 3 29
7 6 29
6 4 29
6 1 29
9 8 29
8 4 29
9 4 29
8 6 29
9 7 29
4 7 30
1 6 30
5 9 30
5 6 30
4 5 30
5 7 30
6 7 30
1 3 30
4 6 30
5 8 30
1 8 30
6 8 30
3 9 30
7 9 30
3 8 30
3 5 30
7 8 30
6 9 30
1 4 30
4 8 30
4 9 30
1 5 30
3 7 30
1 9 30
8 9 30
1 7 30
7 1 30
9 8 30
9 7 30
6 4 30
6 1 30
7 4 30
7 6 30
8 1 30
9 1 30
8 6 30
5 3 30
8 7 30
9 6 30
4 1 30
9 4 30
8 4 30
1 5 31
4 5 31
4 7 31
5 6 31
1 8 31
5 9 31
3 9 31
1 6 31
8 9 31
6 7 31
5 7 31
4 8 31
6 9 31
4 9 31
6 8 31
5 8 31
7 9 31
1 3 31
3 7 31
1 7 31
1 4 31
3 5 31
9 6 31
3 8 31
8 4 31
7 6 31
9 8 31
6 1 31
8 1 31
9 1 31
8 7 31
8 6 31
9 7 31
2 9 31
7 1 31
7 4 31
5 3 31
9 2 31
6 4 31
6 2 31
7 8 31
9 4 31
2 6 31
4 6 31
4 1 31
1 9 31
6 7 32
7 4 32
4 9 32
3 5 32
1 9 32
7 9 32
8 9 32
7 8 32
4 8 32
2 9 32
6 9 32
1 4 32
1 8 32
2 6 32
1 3 32
5 6 32
3 6 32
3 8 32
1 6 32
5 9 32
5 8 32
1 7 32
4 5 32
3 9 32
6 8 32
4 7 32
1 5 32
3 7 32
2 8 32
4 6 32
8 2 32
5 7 32
8 6 32
7 6 32
6 1 32
6 2 32
8 1 32
4 1 32
9 6 32
9 2 32
8 4 32
8 7 32
9 8 32
7 1 32
9 7 32
5 3 32
9 4 32
6 4 32
9 1 32
1 4 33
7 8 33
3 9 33
6 7 33
2 9 33
8 9 33
3 6 33
7 4 33
8 4 33
3 5 33
7 1 33
5 9 33
1 8 33
5 6 33
2 6 33
1 9 33
4 6 33
4 9 33
5 8 33
8 2 33
3 8 33
4 8 33
4 5 33
5 7 33
2 8 33
4 7 33
1 6 33
1 3 33
3 7 33
6 9 33
1 5 33
6 8 33
1 7 33
6 1 33
7 9 33
8 6 33
9 4 33
9 6 33
9 1 33
6 2 33
8 1 33
9 8 33
6 4 33
7 6 33
5 3 33
4 1 33
8 7 33
9 7 33
9 2 33
4 9 34
6 9 34
1 9 34
7 9 34
3 8 34
4 5 34
8 9 34
3 9 34
6 7 34
2 9 34
1 6 34
4 7 34
2 8 34
5 9 34
1 7 34
1 4 34
6 8 34
1 8 34
5 6 34
2 6 34
3 6 34
5 8 34
3 5 34
3 7 34
1 3 34
9 6 34
9 1 34
9 7 34
9 8 34
7 6 34
9 2 34
6 1 34
7 4 34
8 2 34
7 1 34
5 7 34
4 1 34
8 1 34
6 2 34
6 4 34
8 7 34
9 4 34
5 3 34
8 4 34
4 6 34
1 5 34
4 8 34
8 6 34
7 8 34
7 9 35
2 9 35
5 7 35
6 9 35
8 1 35
4 1 35
9 4 35
6 1 35
8 6 35
7 6 35
7 1 35
6 2 35
7 4 35
9 8 35
5 3 35
8 7 35
9 1 35
8 2 35
8 4 35
6 4 35
9 2 35
9 7 35
9 6 35
3 6 35
5 9 35
5 8 35
1 8 35
1 5 35
1 6 35
6 8 35
4 5 35
3 7 35
6 7 35
1 7 35
2 6 35
4 7 35
8 9 35
3 5 35
7 8 35
1 9 35
2 8 35
4 8 35
4 6 35
1 3 35
4 9 35
3 9 35
3 8 35
1 4 35
5 6 35
8 2 36
6 2 36
6 1 36
4 1 36
9 1 36
2 1 36
5 3 36
9 4 36
8 4 36
8 6 36
8 7 36
6 4 36
9 2 36
9 6 36
9 7 36
7 4 36
9 8 36
7 6 36
8 1 36
2 8 36
1 6 36
2 6 36
1 3 36
1 7 36
1 5 36
1 8 36
1 9 36
1 2 36
6 7 36
4 5 36
3 5 36
4 9 36
4 8 36
7 1 36
3 6 36
6 8 36
7 8 36
5 6 36
3 7 36
4 6 36
5 7 36
2 9 36
3 8 36
6 9 36
7 9 36
4 7 36
8 9 36
3 9 36
5 8 36
5 9 36
1 4 36
4 5 37
5 7 37
7 9 37
1 8 37
7 8 37
4 8 37
2 8 37
4 9 37
3 8 37
1 2 37
8 9 37
1 9 37
3 7 37
1 4 37
3 5 37
2 6 37
6 8 37
1 5 37
2 9 37
6 7 37
1 3 37
4 6 37
1 7 37
5 6 37
1 6 37
3 9 37
5 8 37
4 7 37
3 6 37
6 9 37
8 4 37
9 7 37
8 7 37
9 1 37
9 8 37
2 1 37
9 4 37
8 1 37
6 4 37
9 6 37
8 2 37
5 3 37
7 4 37
4 1 37
7 1 37
7 6 37
6 1 37
8 6 37
6 2 37
9 2 37
8 2 38
9 6 38
7 4 38
8 7 38
7 1 38
2 1 38
8 4 38
4 1 38
7 6 38
6 2 38
9 1 38
5 3 38
8 6 38
8 1 38
9 2 38
9 8 38
9 4 38
9 7 38
6 1 38
6 4 38
5 6 38
3 6 38
1 4 38
1 6 38
7 9 38
1 3 38
6 7 38
8 9 38
2 9 38
1 5 38
1 8 38
4 5 38
6 8 38
3 5 38
1 9 38
2 6 38
4 6 38
5 8 38
2 8 38
6 9 38
4 8 38
3 9 38
1 2 38
1 7 38
3 7 38
7 8 38
4 7 38
5 7 38
4 9 38
3 8 38
8 7 39
9 6 39
7 4 39
8 6 39
5 3 39
4 6 39
2 8 39
5 6 39
7 8 39
6 9 39
4 7 39
6 8 39
3 5 39
3 6 39
1 2 39
2 6 39
1 5 39
1 9 39
2 1 39
1 4 39
7 6 39
3 8 39
5 8 39
5 7 39
3 9 39
3 7 39
1 6 39
4 8 39
2 9 39
4 5 39
1 8 39
1 7 39
7 9 39
6 7 39
1 3 39
8 9 39
6 2 39
8 2 39
6 4 39
4 1 39
9 8 39
6 1 39
8 4 39
9 2 39
8 1 39
7 1 39
9 7 39
9 1 39
5 7 40
4 7 40
4 6 40
5 6 40
1 4 40
1 5 40
1 6 40
3 9 40
1 8 40
3 6 40
6 9 40
4 8 40
6 8 40
2 6 40
6 7 40
5 8 40
1 9 40
3 8 40
7 8 40
7 9 40
1 2 40
4 5 40
8 9 40
2 8 40
1 3 40
2 9 40
3 5 40
1 7 40
3 7 40
8 6 40
8 2 40
9 8 40
2 1 40
9 7 40
8 7 40
6 2 40
9 2 40
9 1 40
5 3 40
7 4 40
6 4 40
4 1 40
8 4 40
6 1 40
7 6 40
8 1 40
9 6 40
7 1 40
1 4 41
2 8 41
1 2 41
4 7 41
7 8 41
1 5 41
5 7 41
4 6 41
2 6 41
1 9 41
6 7 41
7 9 41
1 6 41
3 5 41
3 9 41
1 3 41
5 8 41
1 7 41
8 7 41
6 4 41
7 4 41
2 1 41
8 2 41
9 6 41
8 4 41
8 1 41
9 8 41
6 2 41
6 8 41
6 9 41
7 6 41
9 2 41
9 7 41
6 1 41
5 3 41
4 1 41
7 1 41
8 6 41
9 1 41
3 6 41
2 9 41
3 8 41
5 6 41
3 7 41
4 5 41
1 8 41
8 9 41
4 8 41
5 3 42
6 4 42
9 2 42
9 8 42
7 8 42
7 4 42
2 6 42
1 4 42
8 4 42
9 1 42
8 1 42
9 7 42
6 8 42
6 1 42
8 7 42
6 2 42
4 1 42
8 6 42
9 6 42
7 6 42
2 1 42
8 2 42
6 9 42
7 1 42
1 3 42
5 6 42
5 8 42
4 5 42
3 9 42
1 6 42
1 8 42
7 9 42
2 8 42
3 7 42
3 8 42
1 9 42
3 5 42
4 6 42
2 9 42
8 9 42
1 5 42
3 6 42
4 8 42
4 7 42
1 2 42
6 7 42
5 7 42
1 7 42
6 7 43
5 7 43
9 1 43
6 4 43
5 3 43
9 2 43
1 9 43
4 7 43
3 7 43
4 6 43
3 5 43
2 9 43
6 8 43
1 3 43
4 5 43
6 9 43
3 6 43
7 4 43
8 1 43
2 1 43
7 8 43
1 2 43
8 7 43
3 8 43
1 8 43
2 8 43
8 6 43
5 6 43
1 7 43
2 6 43
4 8 43
7 9 43
1 6 43
1 5 43
3 9 43
5 8 43
8 2 43
9 8 43
7 1 43
6 2 43
8 4 43
8 9 43
6 1 43
4 1 43
7 6 43
9 6 43
1 4 43
9 7 43
9 1 44
6 4 44
8 2 44
2 1 44
9 2 44
9 6 44
8 7 44
9 8 44
7 6 44
4 1 44
7 4 44
8 4 44
5 3 44
6 1 44
8 1 44
7 1 44
7 2 44
8 6 44
6 2 44
9 7 44
6 8 44
3 7 44
1 9 44
4 6 44
3 9 44
5 7 44
3 6 44
5 6 44
1 3 44
1 2 44
1 5 44
2 9 44
3 8 44
6 9 44
7 8 44
2 8 44
6 7 44
8 9 44
2 7 44
1 7 44
4 5 44
7 9 44
1 6 44
1 8 44
3 5 44
5 8 44
4 8 44
1 4 44
4 7 44
2 6 44
9 2 45
6 2 45
7 4 45
9 6 45
8 2 45
8 1 45
9 7 45
6 1 45
5 3 45
4 1 45
8 4 45
8 6 45
9 8 45
2 1 45
7 2 45
8 7 45
6 7 45
9 1 45
4 6 45
3 9 45
7 6 45
1 6 45
8 9 45
6 8 45
7 1 45
4 8 45
3 5 45
3 8 45
2 7 45
7 9 45
1 3 45
1 5 45
1 4 45
6 4 45
2 9 45
7 8 45
1 2 45
5 7 45
1 7 45
3 7 45
5 8 45
1 9 45
3 6 45
2 6 45
4 7 45
4 5 45
6 9 45
2 8 45
5 6 45
1 8 45
6 4 46
6 1 46
9 1 46
8 4 46
9 7 46
9 2 46
7 1 46
1 2 46
6 9 46
8 7 46
9 8 46
3 6 46
6 2 46
7 6 46
2 7 46
8 6 46
1 4 46
5 8 46
3 7 46
3 5 46
1 6 46
5 6 46
4 5 46
1 9 46
4 8 46
7 9 46
2 9 46
1 7 46
2 8 46
6 8 46
1 5 46
7 8 46
8 9 46
3 8 46
5 7 46
2 6 46
3 9 46
1 3 46
6 7 46
4 6 46
5 3 46
9 6 46
8 2 46
7 2 46
8 1 46
1 8 46
4 1 46
2 1 46
8 2 47
7 1 47
8 1 47
7 6 47
6 2 47
6 1 47
9 7 47
1 7 47
3 7 47
1 8 47
6 7 47
4 5 47
2 6 47
1 6 47
5 8 47
7 9 47
5 7 47
3 9 47
8 9 47
1 9 47
5 6 47
2 8 47
9 1 47
6 9 47
1 5 47
8 6 47
5 3 47
6 4 47
9 2 47
8 4 47
4 1 47
7 2 47
8 7 47
2 1 47
1 2 47
9 6 47
2 7 47
7 8 47
6 8 47
3 5 47
3 6 47
3 8 47
9 8 47
2 9 47
4 8 47
1 3 47
1 4 47
4 6 47
7 8 48
6 7 48
1 4 48
1 6 48
7 9 48
1 7 48
5 8 48
2 3 48
5 7 48
6 9 48
2 6 48
2 8 48
2 7 48
1 9 48
1 3 48
8 9 48
3 8 48
1 8 48
4 8 48
3 7 48
1 2 48
3 9 48
9 1 48
7 2 48
8 2 48
6 2 48
9 6 48
4 5 48
7 1 48
9 8 48
9 7 48
4 1 48
7 6 48
8 7 48
2 1 48
8 6 48
9 2 48
5 3 48
6 1 48
8 1 48
8 4 48
3 6 48
6 8 48
2 9 48
5 6 48
3 5 48
1 5 48
3 8 49
3 7 49
6 9 49
2 8 49
5 6 49
2 3 49
1 2 49
1 7 49
1 9 49
2 6 49
5 7 49
2 7 49
2 9 49
6 8 49
7 8 49
1 6 49
8 9 49
6 7 49
3 5 49
1 3 49
1 4 49
1 5 49
4 5 49
1 8 49
5 8 49
4 8 49
7 9 49
3 6 49
3 9 49
2 1 49
7 2 49
7 1 49
9 1 49
6 2 49
8 2 49
9 2 49
8 7 49
6 1 49
9 8 49
7 6 49
5 3 49
4 1 49
8 6 49
9 7 49
8 4 49
8 1 49
9 6 49
1 2 50
2 8 50
5 7 50
1 3 50
2 3 50
8 9 50
1 6 50
1 7 50
1 4 50
4 8 50
5 8 50
3 7 50
3 6 50
1 8 50
1 9 50
7 9 50
2 7 50
4 5 50
3 9 50
6 7 50
6 8 50
2 9 50
7 8 50
3 8 50
8 7 50
6 2 50
9 8 50
6 1 50
7 1 50
4 1 50
8 4 50
8 1 50
9 1 50
9 7 50
7 2 50
8 6 50
2 1 50
7 6 50
8 2 50
9 2 50
9 6 50
5 3 50
5 6 50
3 5 50
6 9 50
1 5 50
2 6 50
3 7 51
9 8 51
2 7 51
1 8 51
2 8 51
3 8 51
5 6 51
6 9 51
1 2 51
5 7 51
7 9 51
5 8 51
2 9 51
1 6 51
6 7 51
7 8 51
1 3 51
1 5 51
1 4 51
3 5 51
6 8 51
1 7 51
8 9 51
4 5 51
2 3 51
3 6 51
3 9 51
2 6 51
9 7 51
7 1 51
8 6 51
5 3 51
4 1 51
8 7 51
7 6 51
6 1 51
9 2 51
2 1 51
9 6 51
8 2 51
8 1 51
7 2 51
6 2 51
2 3 52
3 8 52
4 5 52
7 9 52
1 6 52
2 6 52
5 6 52
3 7 52
1 3 52
6 8 52
2 7 52
2 9 52
6 9 52
6 7 52
1 4 52
3 9 52
1 8 52
1 5 52
7 8 52
5 7 52
2 8 52
3 6 52
1 7 52
1 2 52
3 5 52
5 8 52
7 2 52
8 6 52
8 2 52
5 3 52
9 6 52
7 6 52
4 1 52
8 1 52
8 7 52
7 1 52
6 2 52
6 1 52
9 7 52
9 2 52
2 1 52
2 1 53
8 7 53
9 2 53
9 6 53
8 6 53
8 1 53
7 2 53
7 1 53
6 1 53
6 2 53
5 3 53
4 1 53
7 6 53
8 2 53
9 7 53
6 7 53
5 8 53
2 3 53
1 7 53
5 7 53
2 7 53
5 6 53
3 6 53
3 7 53
1 8 53
6 8 53
3 9 53
4 5 53
6 9 53
2 9 53
7 8 53
2 5 53
1 3 53
2 8 53
7 9 53
1 2 53
2 6 53
3 5 53
1 6 53
1 5 53
3 8 53
1 4 53
2 8 54
5 7 54
1 7 54
6 8 54
1 5 54
5 8 54
6 7 54
2 3 54
1 6 54
7 9 54
2 9 54
3 6 54
2 6 54
3 9 54
3 8 54
3 5 54
3 7 54
1 2 54
2 7 54
5 6 54
1 3 54
8 2 54
5 3 54
6 2 54
9 2 54
6 1 54
7 6 54
8 6 54
7 1 54
7 2 54
2 1 54
9 6 54
8 1 54
8 7 54
7 8 54
1 8 54
2 5 54
9 7 54
6 9 54
2 9 55
3 7 55
2 8 55
2 7 55
3 9 55
6 8 55
1 3 55
3 8 55
5 6 55
3 5 55
6 7 55
1 2 55
5 8 55
2 6 55
6 9 55
2 3 55
2 5 55
1 7 55
7 9 55
7 8 55
5 7 55
8 2 55
1 5 55
3 6 55
7 2 55
8 7 55
8 1 55
6 1 55
8 6 55
5 3 55
1 6 55
9 2 55
1 8 55
6 2 55
9 7 55
7 1 55
9 6 55
2 1 55
7 6 55
2 7 56
6 9 56
9 7 56
7 6 56
8 1 56
2 5 56
9 6 56
3 5 56
7 2 56
5 3 56
7 1 56
6 8 56
3 8 56
2 9 56
2 8 56
8 6 56
2 6 56
1 3 56
3 6 56
7 8 56
2 3 56
3 9 56
1 2 56
5 7 56
5 6 56
9 2 56
8 2 56
6 2 56
8 7 56
2 1 56
6 1 56
1 6 56
7 9 56
5 8 56
6 7 56
3 7 56
1 5 56
1 8 56
1 7 56
1 6 57
2 8 57
3 8 57
3 6 57
1 3 57
2 6 57
2 5 57
3 9 57
1 2 57
3 5 57
6 9 57
1 7 57
5 8 57
1 5 57
3 7 57
6 7 57
5 7 57
5 6 57
2 7 57
1 8 57
6 1 57
9 6 57
7 6 57
7 1 57
5 3 57
2 1 57
6 2 57
8 2 57
8 6 57
7 2 57
9 7 57
8 1 57
9 2 57
8 7 57
6 8 57
7 8 57
2 9 57
7 9 57
8 2 58
6 7 58
6 9 58
7 8 58
2 8 58
5 3 58
9 6 58
6 2 58
7 6 58
8 6 58
8 1 58
9 2 58
2 1 58
7 1 58
9 7 58
6 1 58
7 2 58
8 7 58
2 7 58
3 5 58
1 6 58
3 9 58
2 6 58
5 9 58
1 5 58
6 8 58
1 3 58
1 8 58
1 2 58
5 7 58
3 7 58
3 6 58
2 5 58
1 7 58
5 8 58
7 9 58
3 8 58
5 6 58
2 9 58
5 9 59
2 8 59
1 3 59
6 9 59
7 1 59
6 8 59
9 6 59
7 6 59
8 1 59
3 7 59
6 1 59
9 7 59
9 2 59
2 1 59
5 3 59
6 2 59
8 6 59
8 2 59
8 7 59
6 7 59
7 2 59
1 6 59
1 8 59
2 9 59
3 8 59
5 7 59
1 2 59
3 5 59
3 6 59
2 6 59
2 7 59
5 6 59
7 9 59
2 5 59
1 7 59
3 9 59
7 8 59
1 5 59
5 8 59
6 1 60
6 2 60
7 6 60
5 3 60
8 1 60
9 7 60
9 6 60
2 1 60
9 2 60
8 7 60
7 2 60
8 2 60
7 1 60
8 6 60
2 9 60
1 3 60
1 7 60
5 9 60
5 6 60
1 6 60
3 7 60
2 6 60
6 7 60
3 6 60
2 8 60
3 5 60
5 8 60
1 5 60
5 7 60
2 7 60
1 8 60
7 8 60
2 5 60
6 8 60
6 9 60
3 9 60
7 9 60
3 8 60
1 2 60
7 1 61
9 2 61
8 7 61
8 1 61
6 1 61
2 1 61
8 2 61
7 2 61
2 7 61
7 6 61
1 7 61
2 8 61
2 5 61
3 6 61
1 2 61
5 7 61
1 3 61
1 6 61
5 8 61
3 9 61
1 8 61
5 9 61
7 8 61
3 7 61
2 9 61
9 7 61
7 9 61
5 6 61
3 8 61
2 6 61
1 5 61
6 8 61
3 5 61
6 9 61
6 2 61
6 7 61
8 6 61
9 6 61
5 3 61
8 6 62
9 6 62
7 2 62
7 1 62
6 2 62
8 7 62
8 1 62
5 3 62
2 1 62
7 6 62
9 2 62
8 2 62
6 1 62
2 9 62
6 7 62
5 6 62
6 8 62
6 9 62
2 7 62
1 7 62
1 5 62
5 9 62
5 7 62
1 6 62
1 3 62
7 9 62
1 2 62
3 9 62
3 5 62
3 7 62
2 5 62
3 8 62
1 8 62
3 6 62
7 8 62
5 8 62
9 7 62
2 8 62
2 6 62
9 6 63
7 9 63
6 8 63
2 9 63
2 8 63
1 7 63
6 9 63
1 8 63
2 7 63
7 8 63
3 6 63
2 5 63
5 6 63
2 6 63
5 7 63
1 6 63
3 7 63
6 7 63
3 5 63
1 3 63
3 9 63
3 8 63
1 2 63
5 9 63
5 8 63
1 5 63
7 1 63
2 1 63
7 6 63
5 3 63
8 7 63
9 7 63
8 2 63
9 2 63
8 6 63
7 2 63
6 1 63
6 2 63
8 1 63
6 8 64
1 3 64
5 6 64
2 8 64
3 8 64
5 7 64
1 7 64
2 5 64
1 2 64
7 9 64
2 7 64
6 2 64
8 7 64
8 1 64
9 2 64
9 6 64
7 6 64
6 1 64
7 1 64
7 2 64
8 2 64
2 1 64
1 6 64
5 8 64
1 5 64
6 7 64
9 7 64
3 9 64
2 6 64
3 7 64
7 8 64
8 6 64
3 6 64
2 9 64
5 9 64
6 9 64
1 8 64
2 8 65
5 7 65
3 9 65
3 8 65
5 8 65
7 8 65
1 3 65
5 6 65
1 5 65
1 6 65
6 9 65
3 7 65
1 8 65
1 7 65
2 6 65
7 9 65
2 5 65
6 7 65
2 7 65
2 9 65
5 9 65
1 2 65
2 3 65
6 8 65
7 2 65
9 2 65
8 7 65
6 1 65
2 1 65
9 6 65
8 2 65
8 6 65
7 1 65
6 2 65
9 7 65
7 6 65
8 1 65
6 8 66
5 8 66
1 5 66
5 7 66
2 9 66
2 7 66
5 9 66
7 9 66
1 2 66
2 8 66
3 8 66
7 8 66
6 9 66
1 7 66
2 5 66
1 8 66
6 7 66
2 6 66
3 7 66
5 6 66
2 3 66
1 3 66
1 6 66
3 9 66
8 7 66
6 1 66
7 6 66
9 2 66
9 7 66
2 1 66
7 2 66
8 2 66
6 2 66
8 1 66
7 1 66
8 6 66
9 6 66
3 7 67
7 9 67
1 5 67
6 7 67
5 8 67
3 8 67
1 6 67
2 1 67
1 8 67
2 7 67
6 9 67
2 6 67
3 9 67
6 8 67
2 8 67
2 5 67
5 9 67
1 3 67
2 9 67
1 7 67
5 6 67
5 7 67
1 2 67
7 6 67
6 2 67
9 6 67
8 2 67
9 2 67
7 1 67
6 1 67
8 6 67
7 2 67
8 1 67
9 7 67
5 7 68
1 2 68
6 8 68
3 8 68
3 7 68
2 5 68
6 7 68
2 6 68
1 3 68
2 7 68
1 7 68
5 9 68
5 6 68
2 8 68
5 8 68
1 6 68
7 9 68
1 8 68
6 1 68
6 9 68
2 9 68
9 7 68
8 2 68
7 2 68
7 1 68
6 2 68
8 1 68
2 1 68
8 6 68
7 6 68
9 6 68
9 2 68
1 5 68
1 3 69
1 2 69
6 8 69
5 6 69
2 6 69
1 5 69
2 8 69
6 7 69
5 9 69
2 5 69
6 2 69
3 7 69
1 6 69
1 8 69
2 7 69
9 7 69
3 8 69
7 6 69
7 1 69
7 2 69
6 1 69
8 1 69
8 2 69
8 6 69
2 1 69
5 8 69
5 7 69
7 9 69
1 7 69
6 8 70
1 7 70
2 8 70
5 7 70
2 5 70
1 2 70
3 8 70
5 6 70
7 9 70
5 9 70
1 6 70
2 6 70
3 7 70
1 3 70
1 8 70
1 5 70
8 6 70
8 1 70
6 2 70
6 1 70
2 1 70
8 2 70
7 1 70
9 7 70
5 6 71
6 8 71
2 6 71
2 5 71
1 8 71
1 7 71
5 9 71
1 6 71
7 9 71
4 6 71
1 3 71
2 8 71
3 7 71
1 5 71
2 4 71
1 2 71
7 1 71
5 7 71
2 1 71
4 2 71
8 6 71
6 2 71
8 1 71
3 8 71
9 7 71
6 4 71
6 1 71
8 2 71
2 5 72
5 7 72
2 8 72
6 8 72
5 6 72
2 6 72
3 7 72
1 3 72
2 4 72
4 8 72
4 6 72
1 8 72
3 8 72
1 2 72
1 5 72
1 6 72
7 9 72
5 9 72
9 7 72
8 1 72
6 4 72
8 4 72
4 2 72
6 1 72
8 2 72
6 2 72
8 6 72
2 1 72
1 6 73
2 8 73
1 2 73
4 8 73
3 8 73
5 6 73
1 8 73
6 8 73
4 6 73
2 4 73
1 7 73
7 9 73
5 7 73
1 3 73
5 9 73
8 4 73
2 1 73
8 2 73
9 7 73
6 2 73
8 6 73
6 1 73
2 6 73
8 1 73
7 1 73
4 2 73
6 4 73
4 6 74
4 8 74
6 8 74
7 9 74
5 7 74
1 3 74
5 9 74
2 4 74
1 6 74
3 8 74
5 6 74
4 2 74
8 6 74
8 4 74
6 4 74
9 7 74
6 1 74
7 1 74
2 1 74
8 2 74
8 1 74
2 6 74
1 8 74
2 8 74
1 2 74
1 7 74
6 2 74
9 7 75
8 6 75
3 8 75
8 2 75
9 1 75
8 1 75
6 2 75
6 1 75
6 4 75
2 1 75
8 4 75
4 2 75
5 9 75
4 8 75
7 1 75
1 2 75
1 6 75
2 6 75
1 8 75
7 9 75
1 7 75
5 6 75
1 9 75
2 4 75
5 7 75
1 3 75
6 8 75
2 8 75
4 6 75
2 8 76
7 9 76
1 3 76
6 8 76
1 2 76
4 6 76
1 9 76
1 7 76
5 6 76
2 6 76
1 8 76
2 4 76
4 8 76
3 8 76
1 6 76
5 7 76
1 5 76
5 9 76
6 1 76
6 2 76
9 1 76
6 4 76
2 1 76
7 1 76
9 7 76
8 2 76
8 1 76
4 2 76
8 4 76
8 6 76
8 6 77
6 4 77
9 1 77
9 7 77
7 1 77
8 4 77
8 1 77
8 2 77
5 7 77
1 9 77
5 8 77
1 5 77
4 6 77
1 2 77
2 1 77
2 4 77
2 6 77
2 5 77
6 2 77
4 2 77
2 8 77
1 7 77
4 8 77
1 8 77
6 8 77
1 6 77
5 9 77
6 1 77
7 9 77
2 4 78
4 8 78
1 9 78
2 8 78
5 7 78
1 7 78
5 9 78
2 6 78
7 9 78
1 5 78
1 8 78
1 2 78
5 8 78
8 4 78
6 4 78
8 1 78
9 7 78
6 2 78
9 1 78
2 1 78
4 2 78
8 2 78
7 1 78
4 6 78
7 9 79
1 2 79
8 1 79
1 8 79
1 9 79
1 5 79
4 8 79
3 5 79
1 7 79
2 4 79
2 8 79
2 6 79
9 7 79
2 1 79
4 6 79
9 1 79
6 4 79
5 3 79
7 1 79
4 2 79
8 4 79
8 2 79
6 2 79
8 4 80
4 2 80
7 1 80
2 1 80
6 4 80
8 1 80
9 7 80
9 1 80
6 2 80
5 3 80
3 5 80
4 8 80
2 4 80
1 7 80
1 2 80
4 6 80
1 8 80
7 9 80
1 9 80
2 6 80
2 8 80
8 2 80
4 6 81
2 4 81
6 2 81
6 4 81
9 7 81
8 4 81
2 1 81
7 1 81
8 2 81
5 3 81
9 1 81
1 8 81
8 1 81
4 2 81
1 7 81
2 8 81
1 2 81
4 8 81
7 9 81
2 6 81
3 5 81
1 9 81
9 1 82
2 1 82
6 4 82
8 2 82
9 7 82
5 3 82
8 1 82
7 1 82
4 2 82
8 4 82
1 9 82
1 8 82
1 2 82
4 8 82
2 6 82
1 7 82
3 5 82
7 9 82
2 8 82
4 6 82
2 4 82
6 2 82
2 6 83
1 2 83
8 4 83
8 1 83
9 1 83
6 2 83
5 3 83
8 2 83
6 4 83
9 7 83
4 2 83
4 6 83
2 4 83
2 8 83
3 5 83
2 1 83
1 9 83
4 8 83
1 8 83
7 9 83
6 2 84
6 4 84
4 2 84
9 1 84
9 7 84
8 4 84
5 3 84
8 1 84
2 4 84
3 5 84
4 8 84
7 9 84
1 9 84
4 6 84
2 6 84
1 8 84
6 2 85
8 2 85
9 7 85
8 4 85
4 2 85
9 1 85
6 4 85
4 8 85
5 3 85
3 5 85
4 6 85
1 9 85
7 9 85
2 8 85
2 6 85
2 4 85
8 2 86
2 8 86
5 3 86
2 6 86
2 4 86
4 8 86
4 6 86
9 7 86
1 9 86
9 1 86
6 4 86
8 4 86
7 9 86
4 2 86
6 2 86
3 5 86
2 8 87
3 5 87
4 2 87
2 6 87
7 9 87
4 8 87
2 4 87
8 2 87
6 4 87
6 2 87
4 6 87
8 4 87
5 3 87
9 7 87
8 2 88
9 7 88
8 4 88
5 3 88
4 2 88
6 2 88
6 4 88
4 8 88
7 9 88
3 5 88
2 4 88
4 6 88
2 8 88
2 6 88
2 4 89
2 8 89
4 8 89
3 5 89
7 9 89
2 6 89
9 7 89
5 3 89
8 4 89
8 2 89
4 2 89
6 4 89
6 2 89
4 6 89
8 4 90
2 4 90
2 8 90
4 8 90
4 2 90
2 6 90
4 6 90
5 3 90
6 4 90
6 2 90
9 7 90
8 2 90
7 9 90
3 5 90
8 2 91
4 8 91
8 4 91
5 3 91
9 7 91
6 4 91
4 2 91
6 2 91
2 8 91
2 4 91
2 6 91
4 6 91
7 9 91
3 5 91
2 4 92
4 6 92
6 4 92
6 2 92
9 7 92
2 6 92
5 3 92
3 5 92
7 9 92
4 2 92
6 4 93
6 2 93
4 2 93
2 4 93
2 6 93
4 6 93
3 5 93
5 3 93
2 4 94
4 6 94
3 5 94
6 4 94
4 2 94
5 3 94
6 2 94
2 6 94
5 3 95
3 5 95
6 2 95
2 6 95
2 6 96
5 3 96
6 2 96
3 5 96
5 3 97
6 2 97
3 5 97
2 6 97
6 2 98
5 3 98
3 5 98
2 6 98
2 6 99
5 3 99
9 6 99
6 2 99
3 5 99
6 9 99
6 9 100
2 6 100
3 5 100
7 9 100
6 2 100
5 3 100
9 7 100
9 6 100
9 6 101
9 7 101
7 9 101
3 5 101
2 6 101
6 9 101
6 2 101
5 3 101
3 5 102
2 6 102
6 9 102
9 6 102
6 2 102
5 3 102
9 7 102
7 9 102
6 2 103
9 7 103
9 6 103
6 9 103
3 5 103
7 9 103
2 6 103
5 3 103
2 6 104
6 9 104
7 9 104
3 5 104
6 2 104
9 6 104
9 7 104
5 3 104
6 2 105
9 7 105
6 9 105
9 6 105
2 6 105
5 3 105
7 6 105
7 9 105
6 7 105
3 5 105
7 6 106
9 6 106
5 3 106
7 9 106
6 7 106
6 9 106
2 6 106
3 5 106
9 7 106
6 2 106
9 7 107
9 6 107
5 3 107
6 7 107
6 9 107
3 5 107
7 9 107
7 6 107
6 9 108
3 5 108
7 6 108
9 6 108
5 3 108
7 9 108
9 7 108
6 7 108
5 3 109
9 6 109
9 7 109
3 5 109
6 9 109
7 9 109
6 7 109
7 6 109
6 7 110
6 9 110
3 5 110
9 6 110
7 6 110
9 7 110
7 9 110
5 3 110
7 6 111
5 3 111
9 7 111
7 9 111
3 5 111
6 9 111
6 7 111
9 6 111
9 7 112
7 6 112
9 6 112
5 3 112
6 7 112
3 5 112
7 9 112
6 9 112
9 7 113
9 6 113
5 3 113
7 6 113
7 9 113
3 5 113
6 9 113
6 7 113
5 3 114
7 9 114
6 7 114
3 5 114
6 9 114
7 6 114
9 6 114
9 7 114
5 3 115
6 7 115
3 5 115
6 9 115
7 6 115
9 6 115
5 3 116
7 6 116
9 6 116
6 7 116
3 5 116
6 9 116
6 9 117
9 6 117
5 3 117
7 6 117
6 7 117
3 5 117
7 9 118
6 7 118
9 6 118
5 3 118
9 7 118
7 6 118
6 9 118
3 5 118
7 6 119
9 7 119
5 3 119
9 6 119
6 7 119
7 9 119
3 5 119
6 9 119
9 6 120
3 5 120
6 9 120
5 3 120
9 7 120
7 9 120
9 7 121
7 9 121
3 5 121
6 9 121
5 3 121
9 6 121
5 3 122
6 9 122
3 5 122
7 9 122
9 7 122
9 6 122
7 9 123
3 5 123
5 3 123
9 6 123
6 9 123
9 7 123
3 5 124
7 9 124
6 9 124
9 7 124
9 6 124
5 3 124
3 5 125
6 9 125
7 9 125
5 3 125
9 7 125
9 6 125
9 7 126
9 6 126
5 3 126
6 9 126
3 5 126
7 9 126
9 7 127
5 3 127
9 6 127
7 9 127
6 9 127
3 5 127
7 6 128
9 7 128
5 3 128
9 6 128
6 7 128
7 9 128
3 5 128
6 9 128
7 6 129
5 3 129
9 7 129
9 6 129
7 9 129
6 9 129
6 7 129
3 5 129
7 9 130
6 7 130
7 6 130
3 5 130
9 6 130
9 7 130
5 3 130
6 9 130
7 9 131
9 6 131
7 6 131
5 3 131
3 5 131
6 7 131
6 9 131
9 7 131
6 9 132
7 9 132
3 5 132
7 6 132
9 6 132
9 7 132
5 3 132
6 7 132
9 6 133
7 9 133
3 5 133
6 9 133
9 7 133
5 3 133
7 6 133
6 7 133
7 9 134
9 6 134
7 6 134
5 3 134
9 7 134
3 5 134
6 9 134
6 7 134
6 7 135
7 9 135
6 9 135
9 6 135
5 3 135
7 6 135
9 7 135
3 5 135
6 9 136
6 7 136
5 3 136
9 6 136
7 6 136
3 5 136
9 7 136
7 9 136
5 3 137
6 7 137
7 9 137
3 5 137
6 9 137
7 6 137
9 7 137
9 6 137
9 7 138
9 6 138
7 6 138
6 7 138
6 9 138
7 9 138
3 5 138
5 3 138
6 9 139
7 9 139
6 7 139
5 3 139
9 6 139
9 7 139
7 6 139
3 5 139
9 7 140
7 6 140
5 3 140
9 6 140
6 7 140
3 5 140
7 9 140
6 9 140
3 5 141
7 9 141
6 7 141
6 9 141
9 6 141
7 6 141
9 7 141
5 3 141
6 7 142
6 9 142
7 6 142
3 5 142
7 9 142
9 6 142
5 3 142
9 7 142
3 5 143
7 9 143
6 7 143
6 9 143
9 6 143
7 6 143
9 7 143
5 3 143
6 7 144
3 5 144
7 9 144
9 7 144
6 9 144
7 6 144
9 6 144
5 3 144
5 3 145
9 7 145
7 9 145
3 5 145
9 6 145
7 6 145
6 9 145
6 7 145
7 9 146
6 9 146
6 7 146
3 5 146
5 3 146
9 6 146
9 7 146
7 6 146
6 9 147
3 5 147
9 6 147
5 3 147
6 7 147
7 6 147
7 6 148
6 7 148
3 5 148
9 6 148
5 3 148
6 9 148
3 5 149
5 3 149
6 7 149
7 6 149
6 9 149
9 6 149
5 3 150
6 7 150
3 5 150
7 6 150
7 6 151
5 3 151
3 5 151
6 7 151
7 6 152
5 3 152
6 7 152
3 5 152
5 3 153
7 6 153
3 5 153
6 7 153
5 3 154
7 6 154
3 5 154
6 7 154
6 7 155
7 6 155
5 3 155
3 5 155
3 5 156
5 3 156
6 7 156
7 6 156
5 3 157
3 5 157
7 6 157
6 7 157
3 5 158
5 3 158
6 7 158
7 6 158
7 6 159
5 3 159
3 5 159
6 7 159
6 7 160
3 5 160
5 3 160
7 6 160
6 7 161
7 6 161
5 3 161
3 5 161
6 7 162
3 5 162
5 3 162
7 6 162
7 6 163
5 3 163
6 7 163
3 5 163
6 7 164
3 5 164
5 3 164
7 6 164
5 3 165
7 6 165
3 5 165
6 7 165
3 5 166
6 7 166
7 6 166
5 3 166
6 7 167
7 9 167
7 6 167
5 3 167
9 7 167
3 5 167
7 6 168
7 9 168
6 7 168
9 7 168
5 3 168
3 5 168
5 3 169
7 9 169
7 6 169
3 5 169
9 7 169
6 7 169
3 5 170
7 9 170
5 3 170
9 7 170
7 6 170
6 7 170
7 6 171
3 5 171
5 3 171
9 7 171
6 7 171
7 9 171
5 3 172
3 5 172
6 7 172
7 9 172
7 6 172
9 7 172
7 9 173
6 7 173
3 5 173
5 3 173
9 7 173
7 6 173
7 6 174
9 7 174
5 3 174
6 7 174
7 9 174
3 5 174
5 3 175
7 9 175
3 5 175
7 6 175
9 7 175
6 7 175
6 7 176
3 5 176
7 6 176
5 3 176
6 7 177
5 3 177
7 6 177
3 5 177
6 7 178
3 5 178
5 3 178
7 6 178
6 7 179
5 3 179
3 5 179
7 6 179
7 6 180
6 7 180
7 6 181
6 7 181
9 2 290
2 9 290
9 2 291
2 9 291
9 2 292
2 9 292
9 2 293
2 9 293
9 2 294
2 9 294
2 9 295
9 2 295
9 2 296
2 9 296
9 2 297
2 9 297
9 2 298
2 9 298
2 9 299
9 2 299
9 2 300
2 9 300
2 9 301
9 2 301
9 2 302
2 9 302
2 9 303
9 2 303
2 9 304
9 2 304
9 2 305
2 9 305
9 2 306
2 9 306
9 2 307
2 9 307
2 9 308
9 2 308
2 9 309
9 2 309
2 9 310
9 2 310
2 9 311
9 2 311
2 9 312
9 2 312
2 9 313
9 2 313
2 9 314
9 2 314
2 9 315
9 2 315
2 9 316
9 2 316
7 4 751
4 7 751
7 4 752
4 7 752
4 7 753
7 4 753
4 7 754
7 4 754
4 7 755
7 4 755
7 4 756
4 7 756
7 4 757
4 7 757
7 4 758
4 7 758
7 4 759
4 7 759
7 4 760
4 7 760
4 7 761
7 4 761
7 4 762
4 7 762
4 7 763
7 4 763
7 4 764
4 7 764
7 4 765
4 7 765
7 4 766
4 7 766
7 4 767
4 7 767
7 4 768
4 7 768
4 5 1064
4 5 1065
4 5 1066
4 5 1067
4 5 1068
4 5 1069
4 5 1070
5 8 1129
5 8 1130
5 8 1131
5 8 1132
5 8 1133
5 8 1134
5 8 1135
2 5 1161
2 5 1162
2 5 1163
2 5 1164
2 5 1165
2 5 1166
2 5 1167
9 7 1194
7 9 1194
7 9 1195
9 7 1195
9 7 1196
7 9 1196
9 7 1197
7 9 1197
7 9 1198
9 7 1198
7 9 1199
9 7 1199
7 9 1200
9 7 1200
9 7 1201
7 9 1201
7 9 1202
9 7 1202
6 9 1203
7 9 1203
9 6 1203
9 7 1203
9 6 1204
6 9 1204
6 9 1205
9 6 1205
9 6 1206
6 9 1206
9 6 1207
6 9 1207
5 7 1219
5 7 1220
5 7 1221
5 9 1249
5 9 1250
5 9 1251
5 9 1252
5 9 1253
5 9 1254
5 9 1255
5 9 1256
5 9 1257
5 9 1258
5 9 1259
5 6 1274
5 6 1275
5 6 1276
5 6 1277
5 6 1278
5 6 1279
5 6 1280
5 6 1281
6 2 1381
2 6 1381
6 2 1382
2 6 1382
2 6 1383
6 2 1383
2 6 1384
6 2 1384
2 6 1385
6 2 1385
6 2 1386
2 6 1386
2 6 1387
6 2 1387
3 4 1611
3 4 1612
3 4 1613
3 4 1614
3 4 1615
3 4 1616
3 4 1617
3 4 1618
3 4 1619
3 4 1620
3 4 1621
3 4 1622
3 4 1623
3 4 1624
3 4 1625
3 4 1626
3 4 1627
1 5 1709
1 5 1710
1 5 1711
1 5 1712
1 5 1713
1 5 1714
1 7 1714
7 1 1714
7 1 1715
1 7 1715
1 5 1715
7 1 1716
1 7 1716
7 1 1717
1 7 1717
1 7 1718
7 1 1718
1 7 1719
7 1 1719
1 7 1720
7 1 1720
5 7 1723
5 7 1724
5 7 1725
5 7 1726
5 7 1727
5 7 1728
5 7 1729
5 7 1730
5 7 1731
5 7 1732
5 7 1733
5 7 1734
5 7 1735
5 7 1736
5 7 1737
5 7 1738
5 7 1739
5 7 1740
5 7 1741
5 7 1742
1 7 1748
7 1 1748
7 1 1749
1 7 1749
7 1 1750
1 7 1750
1 7 1751
7 1 1751
7 1 1752
1 7 1752
7 1 1753
1 7 1753
7 1 1754
1 7 1754
1 7 1755
7 1 1755
1 7 1756
7 1 1756
1 7 1757
7 1 1757
