2 3 0
3 2 0
3 2 1
2 3 1
2 3 2
3 2 2
2 3 3
3 2 3
2 3 4
3 2 4
3 2 5
2 3 5
3 2 6
2 3 6
3 2 7
2 3 7
3 1 39
1 3 39
3 1 40
1 3 40
3 1 41
1 3 41
3 1 42
1 3 42
1 3 43
3 1 43
1 3 44
3 1 44
3 1 45
1 3 45
3 1 46
1 3 46
1 3 47
3 1 47
3 1 48
1 3 48
1 3 49
3 1 49
1 3 50
3 1 50
1 3 51
3 1 51
1 3 52
3 1 52
1 3 53
3 1 53
3 1 54
1 3 54
3 1 55
1 3 55
3 1 56
1 3 56
3 1 57
1 3 57
1 3 58
3 1 58
3 1 59
1 3 59
3 1 60
1 3 60
3 1 61
1 3 61
1 3 62
3 1 62
3 1 63
1 3 63
1 3 64
3 1 64
1 3 65
3 1 65
3 1 66
1 3 66
3 1 67
1 3 67
3 1 68
1 3 68
3 1 69
1 3 69
3 1 70
1 3 70
3 1 71
1 3 71
3 1 72
1 3 72
3 1 73
1 3 73
3 1 74
1 3 74
3 1 75
1 3 75
1 3 76
3 1 76
3 1 77
1 3 77
1 3 78
3 1 78
1 3 79
3 1 79
3 1 80
1 3 80
1 3 81
3 1 81
3 1 82
1 3 82
3 1 83
1 3 83
1 3 84
3 1 84
3 1 85
1 3 85
1 3 86
3 1 86
3 1 87
1 3 87
1 3 88
3 1 88
1 3 89
3 1 89
1 3 90
3 1 90
1 3 91
3 1 91
1 3 92
3 1 92
1 3 93
3 1 93
1 3 94
3 1 94
3 1 95
1 3 95
3 1 96
1 3 96
3 1 97
1 3 97
3 1 98
1 3 98
3 1 99
1 3 99
3 1 100
1 3 100
1 3 101
3 1 101
1 3 102
3 1 102
1 3 103
3 1 103
1 3 104
3 1 104
1 3 105
3 1 105
1 3 106
3 1 106
1 3 107
3 1 107
1 3 108
3 1 108
3 1 109
1 3 109
3 1 110
1 3 110
3 1 111
1 3 111
1 3 112
3 1 112
3 1 113
1 3 113
1 3 114
3 1 114
1 3 115
3 1 115
3 1 116
1 3 116
1 3 117
3 1 117
3 1 118
1 3 118
3 1 119
1 3 119
1 3 120
3 1 120
3 1 121
1 3 121
1 3 122
3 1 122
3 1 123
1 3 123
1 3 124
3 1 124
1 3 125
3 1 125
1 3 126
3 1 126
1 3 127
3 1 127
1 3 128
3 1 128
1 3 129
3 1 129
3 1 130
1 3 130
3 1 131
1 3 131
1 3 132
3 1 132
3 1 133
1 3 133
3 1 134
1 3 134
1 3 135
3 1 135
3 1 136
1 3 136
3 1 137
1 3 137
1 3 138
3 1 138
1 3 139
3 1 139
1 3 140
3 1 140
1 3 141
3 1 141
3 1 142
1 3 142
1 3 143
3 1 143
3 1 144
1 3 144
1 3 145
3 1 145
3 1 146
1 3 146
1 3 147
3 1 147
1 3 148
3 1 148
1 3 149
3 1 149
1 3 150
3 1 150
1 3 151
3 1 151
3 1 152
1 3 152
3 1 153
5 6 153
1 3 153
1 3 154
3 1 154
5 6 154
3 1 155
1 3 155
5 6 155
3 1 156
5 6 156
1 3 156
5 6 157
1 3 157
3 1 157
3 1 158
1 3 158
5 6 158
3 1 159
1 3 159
5 6 159
5 6 160
1 3 160
3 1 160
5 6 161
5 6 162
5 6 163
5 6 164
5 6 165
5 6 166
5 6 167
5 6 168
5 6 169
5 6 238
5 6 239
5 6 240
5 6 241
5 6 242
5 6 243
5 6 244
5 6 245
5 6 246
5 6 247
5 6 248
5 6 249
5 6 250
5 6 251
5 6 252
5 6 253
5 6 254
5 6 255
5 6 256
5 6 257
5 6 258
7 8 258
7 8 259
5 6 259
5 6 260
7 8 260
7 8 261
5 6 261
5 6 262
7 8 262
5 6 263
7 8 263
5 6 264
7 8 264
5 6 265
7 8 265
5 6 266
7 8 266
5 6 267
7 8 267
5 6 268
7 8 268
1 3 269
5 6 269
7 8 269
3 1 269
3 1 270
7 8 270
1 3 270
5 6 270
3 1 271
1 3 271
5 6 271
7 8 271
7 8 272
3 1 272
5 6 272
1 3 272
3 1 273
1 3 273
5 6 273
7 8 273
7 8 274
5 6 274
3 1 274
1 3 274
5 6 275
1 3 275
3 1 275
7 8 275
7 8 276
5 6 276
1 3 276
3 1 276
3 1 277
1 3 277
5 6 277
7 8 277
3 1 278
1 3 278
5 6 278
7 8 278
5 6 279
3 1 279
7 8 279
1 3 279
1 3 280
7 8 280
5 6 280
3 1 280
1 3 281
7 8 281
5 6 281
3 1 281
1 3 282
7 8 282
5 6 282
3 1 282
5 6 283
7 8 283
5 6 284
7 8 284
7 8 285
5 6 285
7 8 286
5 6 286
5 6 287
7 8 287
7 8 288
5 6 288
7 8 289
7 8 290
7 8 291
7 8 292
7 8 293
7 8 294
7 8 295
7 8 296
7 8 297
7 8 298
7 8 299
7 8 300
7 8 301
7 8 302
7 8 303
7 8 304
7 8 305
7 8 306
5 6 306
7 8 307
5 6 307
7 8 308
5 6 308
7 8 309
5 6 309
7 8 310
5 6 310
5 6 311
7 8 311
7 8 312
5 6 312
7 8 313
5 6 313
7 8 314
5 6 314
7 8 315
5 6 315
7 8 316
5 6 316
7 8 317
5 6 317
7 8 318
5 6 318
5 6 319
5 6 320
5 6 354
5 6 355
5 6 356
3 1 375
1 3 375
3 1 376
1 3 376
7 8 376
3 1 377
7 8 377
1 3 377
3 1 378
7 8 378
1 3 378
7 8 379
1 3 379
3 1 379
1 3 380
7 8 380
3 1 380
1 3 381
7 8 381
3 1 381
1 3 382
7 8 382
3 1 382
3 1 383
7 8 383
1 3 383
7 8 384
3 1 384
1 3 384
3 1 385
1 3 385
7 8 385
3 1 386
1 3 386
7 8 386
1 3 387
3 1 387
7 8 387
3 1 388
1 3 388
7 8 388
3 1 389
1 3 389
7 8 389
3 1 390
1 3 390
7 8 390
7 8 391
1 3 391
3 1 391
1 3 392
7 8 392
3 1 392
3 1 393
7 8 393
1 3 393
3 1 394
7 8 394
1 3 394
1 3 395
3 1 395
7 8 395
3 1 396
1 3 396
7 8 396
3 1 397
7 8 397
1 3 397
3 1 398
7 8 398
1 3 398
7 8 399
1 3 399
3 1 399
3 1 400
7 8 400
1 3 400
7 8 401
1 3 401
3 1 401
3 1 402
7 8 402
1 3 402
3 1 403
1 3 403
7 8 403
3 1 404
1 3 404
7 8 404
1 3 405
7 8 405
3 1 405
3 1 406
1 3 406
7 8 406
1 3 407
3 1 407
7 8 407
7 8 408
7 8 409
7 8 410
7 8 411
4 5 460
4 5 461
4 5 462
4 5 463
4 5 464
4 5 465
4 5 466
4 5 467
4 5 468
4 5 469
4 5 470
4 5 471
4 5 472
4 5 473
4 5 474
4 5 475
4 5 476
4 5 477
4 5 478
4 5 479
4 5 480
4 5 481
4 5 482
4 5 483
4 5 484
4 5 485
4 5 486
4 5 487
4 5 488
4 5 489
4 5 490
4 5 491
4 5 492
4 5 493
4 5 494
4 5 495
4 5 496
4 5 497
4 5 498
4 5 499
4 5 500
4 5 501
4 5 502
4 5 503
4 5 504
4 5 505
4 5 506
4 5 507
2 3 508
4 5 508
3 2 508
4 5 509
3 2 509
2 3 509
2 3 510
3 2 510
4 5 510
4 5 511
2 3 511
3 2 511
2 3 512
4 5 512
3 2 512
2 3 513
3 2 513
4 5 513
3 2 514
4 5 514
2 3 514
3 2 515
2 3 515
4 5 515
4 5 516
2 3 516
3 2 516
2 3 517
4 5 517
3 2 517
2 3 518
3 2 518
4 5 518
4 5 519
2 3 519
3 2 519
4 5 520
2 3 520
3 2 520
4 5 521
2 3 521
3 2 521
3 2 522
2 3 522
4 5 522
3 2 523
2 3 523
4 5 523
3 2 524
2 3 524
4 5 524
3 2 525
2 3 525
4 5 525
2 3 526
4 5 526
3 2 526
4 5 527
2 3 527
3 2 527
2 3 528
4 5 528
3 2 528
4 5 529
2 3 529
3 2 529
3 2 530
2 3 530
4 5 530
3 2 531
4 5 531
2 3 531
3 2 532
4 5 532
2 3 532
4 5 533
2 3 533
3 2 533
4 5 534
2 3 534
3 2 534
2 3 535
4 5 535
3 2 535
4 5 536
3 2 536
2 3 536
4 5 537
2 3 537
3 2 537
3 2 538
2 3 538
3 2 539
2 3 539
3 2 540
2 3 540
3 2 541
2 3 541
3 2 542
2 3 542
2 1 543
1 2 543
1 2 544
2 1 544
2 1 545
1 2 545
1 2 546
2 1 546
1 2 547
2 1 547
1 2 548
2 1 548
1 2 549
2 1 549
1 2 550
2 1 550
1 2 551
2 1 551
1 2 552
2 1 552
1 2 553
2 1 553
1 2 554
2 1 554
1 2 555
2 1 555
2 1 556
1 2 556
1 2 557
2 1 557
2 1 558
1 2 558
1 2 559
2 1 559
1 2 560
2 1 560
2 1 561
1 2 561
1 2 562
2 1 562
1 2 563
2 1 563
1 2 564
2 1 564
2 1 565
1 2 565
2 1 566
1 2 566
1 2 567
2 1 567
1 2 568
2 1 568
2 1 569
1 2 569
1 2 570
2 1 570
2 1 571
1 2 571
2 1 572
1 2 572
2 1 573
1 2 573
2 1 574
1 2 574
2 1 575
1 2 575
1 2 576
2 1 576
1 2 577
2 1 577
2 1 578
1 2 578
1 2 579
2 1 579
2 1 580
1 2 580
3 2 597
2 3 597
3 2 598
2 3 598
3 2 599
2 3 599
3 2 600
2 3 600
3 2 601
2 3 601
2 4 639
4 2 639
4 2 640
2 4 640
2 4 641
4 2 641
2 4 642
4 2 642
4 2 643
2 4 643
2 4 644
4 2 644
2 4 645
4 2 645
2 4 646
4 2 646
2 4 647
4 2 647
4 2 648
2 4 648
4 2 649
2 4 649
2 4 650
4 2 650
2 4 651
4 2 651
2 4 652
4 2 652
4 2 653
2 4 653
2 4 654
4 2 654
4 2 655
2 4 655
2 4 656
4 2 656
4 2 657
2 4 657
4 2 658
2 4 658
4 2 659
2 4 659
2 4 660
4 2 660
4 2 661
2 4 661
2 4 662
4 2 662
2 4 663
4 2 663
4 3 664
4 2 664
3 4 664
2 4 664
4 2 665
4 3 665
3 4 665
2 4 665
2 4 666
4 2 666
4 3 666
3 4 666
2 4 667
4 2 667
4 3 667
3 4 667
4 3 668
4 2 668
3 4 668
2 4 668
4 3 669
4 2 669
3 4 669
2 4 669
3 4 670
4 3 670
4 2 670
2 4 670
2 4 671
3 4 671
4 3 671
4 2 671
2 4 672
4 3 672
4 2 672
3 4 672
2 4 673
3 4 673
4 3 673
4 2 673
4 2 674
3 4 674
2 4 674
4 3 674
4 3 675
3 4 675
2 4 675
4 2 675
3 4 676
4 2 676
4 3 676
2 4 676
3 4 677
4 2 677
4 3 677
2 4 677
4 2 678
4 3 678
3 2 678
2 4 678
3 4 678
2 3 678
3 4 679
2 3 679
2 4 679
3 2 679
4 2 679
4 3 679
4 2 680
4 3 680
3 4 680
2 4 680
2 3 680
3 2 680
3 4 681
4 3 681
4 2 681
3 2 681
2 3 681
2 4 681
3 2 682
4 2 682
3 4 682
2 4 682
4 3 682
2 3 682
2 3 683
2 4 683
3 2 683
4 2 683
4 3 683
3 4 683
2 3 684
3 4 684
4 3 684
3 2 684
4 2 684
2 4 684
3 4 685
4 2 685
2 4 685
2 3 685
4 3 685
3 2 685
2 3 686
3 4 686
2 4 686
4 3 686
3 2 686
4 2 686
3 2 687
3 4 687
4 2 687
2 3 687
4 3 687
2 4 687
3 2 688
4 2 688
4 3 688
2 4 688
2 3 688
3 4 688
4 2 689
3 2 689
3 4 689
2 3 689
2 4 689
4 3 689
3 2 690
3 4 690
4 3 690
4 2 690
2 3 690
2 4 690
2 3 691
4 2 691
3 2 691
4 3 691
2 4 691
3 4 691
3 2 692
4 3 692
4 2 692
3 4 692
2 3 692
2 4 692
2 4 693
4 2 693
3 2 693
4 3 693
2 3 693
3 4 693
2 4 694
3 4 694
2 3 694
4 2 694
3 2 694
4 3 694
2 3 695
3 4 695
4 2 695
4 3 695
3 2 695
2 4 695
4 3 696
4 2 696
3 2 696
3 4 696
2 4 696
2 3 696
3 4 697
2 4 697
3 2 697
4 3 697
4 2 697
2 3 697
3 2 698
3 4 698
2 3 698
4 3 698
4 2 698
2 4 698
2 3 699
3 4 699
2 4 699
3 2 699
4 2 699
4 3 699
2 3 700
2 4 700
3 4 700
3 2 700
4 2 700
4 3 700
3 4 701
2 3 701
4 2 701
3 2 701
4 3 701
2 4 701
2 3 702
3 4 702
2 4 702
4 2 702
3 2 702
4 3 702
2 4 703
3 4 703
4 2 703
3 2 703
4 3 703
2 3 703
3 4 704
2 4 704
2 3 704
4 3 704
4 2 704
3 2 704
4 2 705
3 4 705
2 3 705
2 4 705
4 3 705
3 2 705
3 4 706
2 3 706
2 4 706
4 3 706
3 2 706
4 2 706
3 4 707
4 3 707
2 4 707
3 2 707
4 2 707
2 3 707
3 2 708
4 3 708
4 2 708
2 3 708
3 4 708
2 4 708
3 2 709
4 3 709
4 2 709
2 3 709
3 4 709
2 4 709
3 2 710
2 4 710
4 3 710
2 3 710
4 2 710
3 4 710
3 4 711
3 2 711
4 2 711
2 3 711
4 3 711
2 4 711
3 4 712
2 4 712
2 3 712
4 3 712
3 2 712
4 2 712
3 2 713
4 3 713
3 4 713
2 4 713
2 3 713
4 2 713
3 2 714
4 2 714
2 3 714
2 4 714
4 3 714
3 4 714
2 4 715
2 3 715
4 3 715
3 2 715
4 2 715
3 4 715
2 3 716
3 4 716
4 2 716
3 2 716
4 3 716
2 4 716
2 4 717
3 2 717
3 4 717
4 2 717
4 3 717
2 3 717
2 3 718
4 3 718
3 2 718
4 2 718
2 4 718
3 4 718
2 4 719
2 3 719
3 4 719
4 2 719
4 3 719
3 2 719
2 4 720
3 4 720
2 3 720
4 2 720
4 3 720
3 2 720
4 3 721
3 2 721
4 2 721
3 4 721
2 3 721
2 4 721
4 3 722
3 2 722
4 2 722
3 4 722
2 4 722
2 3 722
3 4 723
4 3 723
2 4 723
4 2 723
4 3 724
2 4 724
4 2 724
3 4 724
3 4 725
4 2 725
4 3 725
2 4 725
3 4 726
2 4 726
4 3 726
4 2 726
2 4 727
4 2 727
4 3 727
3 4 727
4 3 728
4 2 728
2 4 728
3 4 728
3 4 729
2 4 729
4 3 729
4 2 729
4 2 730
3 4 730
2 4 730
4 3 730
2 4 731
4 3 731
3 4 731
4 2 731
1 7 731
4 3 732
4 2 732
3 4 732
2 4 732
4 2 733
2 4 733
2 4 734
4 2 734
2 4 735
4 2 735
4 2 736
2 4 736
2 4 737
4 2 737
4 2 738
2 4 738
2 4 739
4 2 739
2 4 740
4 2 740
4 2 741
2 4 741
2 4 742
4 2 742
4 2 743
2 4 743
4 2 744
2 4 744
4 2 745
2 4 745
2 4 746
4 2 746
2 4 747
4 2 747
4 2 748
2 4 748
4 2 749
2 4 749
4 2 750
2 4 750
4 2 751
2 4 751
2 4 752
4 2 752
2 4 753
4 2 753
2 4 754
4 2 754
4 2 755
2 4 755
4 2 756
2 4 756
4 2 757
2 4 757
4 2 758
2 4 758
2 4 759
4 2 759
4 2 760
2 4 760
4 2 761
2 4 761
2 4 762
4 2 762
4 2 763
2 4 763
2 4 764
4 2 764
4 2 765
2 4 765
2 4 766
4 2 766
1 7 766
2 4 767
4 2 767
1 7 767
2 4 768
4 2 768
1 7 768
2 4 769
4 2 769
2 4 770
4 2 770
2 4 771
4 2 771
4 2 772
2 4 772
4 2 773
2 4 773
4 2 774
2 4 774
4 2 775
2 4 775
4 2 776
2 4 776
4 2 777
2 4 777
2 4 778
4 2 778
4 2 779
2 4 779
2 4 780
4 2 780
4 2 802
2 4 802
2 4 803
4 2 803
4 2 804
2 4 804
2 4 805
4 2 805
2 4 806
4 2 806
2 4 807
4 2 807
2 4 808
4 2 808
2 4 809
4 2 809
2 4 810
4 2 810
2 4 811
4 2 811
2 4 812
4 2 812
2 4 813
4 2 813
4 2 814
2 4 814
2 4 815
4 2 815
4 2 816
2 4 816
2 4 817
4 2 817
2 4 818
4 2 818
3 5 950
3 5 951
3 5 952
3 5 953
3 5 954
3 5 955
3 5 956
3 5 957
3 5 958
3 5 959
3 5 960
3 5 961
3 5 962
3 5 963
3 5 964
3 5 965
3 5 966
3 5 967
3 5 968
3 5 969
3 5 970
3 5 971
3 5 972
3 5 973
3 5 974
5 6 1055
5 6 1056
5 6 1057
5 6 1058
5 6 1059
5 6 1060
5 6 1061
5 6 1062
5 6 1063
5 6 1064
5 6 1065
5 6 1066
5 6 1067
5 6 1068
5 6 1069
5 6 1079
5 6 1080
5 6 1081
5 6 1082
5 6 1083
5 6 1084
5 6 1085
5 6 1086
5 6 1087
5 6 1088
5 6 1089
5 6 1090
5 6 1091
5 6 1092
5 6 1093
5 6 1094
5 6 1095
5 6 1096
5 6 1097
5 6 1098
5 6 1099
5 6 1100
5 6 1101
5 6 1102
5 6 1103
5 6 1104
5 6 1105
5 6 1106
5 6 1107
5 6 1108
5 6 1109
5 6 1110
5 6 1111
5 6 1112
5 6 1113
5 6 1114
5 6 1115
5 6 1116
5 6 1117
5 6 1118
5 6 1119
5 6 1120
5 6 1121
5 6 1122
5 6 1123
5 6 1124
5 6 1125
5 6 1126
4 2 1408
2 4 1408
4 2 1409
2 4 1409
2 4 1410
4 2 1410
4 2 1411
2 4 1411
2 4 1412
4 2 1412
4 2 1413
2 4 1413
4 2 1414
2 4 1414
4 2 1415
2 4 1415
4 2 1416
2 4 1416
4 2 1417
2 4 1417
2 4 1418
4 2 1418
2 4 1419
4 2 1419
4 2 1420
2 4 1420
2 4 1421
4 2 1421
4 2 1422
2 4 1422
2 4 1423
4 2 1423
2 4 1424
4 2 1424
2 4 1425
4 2 1425
2 4 1426
4 2 1426
2 4 1427
4 2 1427
2 4 1428
4 2 1428
2 4 1429
4 2 1429
4 5 1515
4 5 1516
4 5 1517
4 5 1518
4 5 1519
4 5 1520
4 5 1521
4 5 1522
4 5 1523
4 5 1524
4 5 1525
4 5 1526
4 5 1527
4 5 1528
4 5 1529
4 5 1530
4 5 1531
4 5 1532
4 5 1533
3 5 1534
4 5 1534
3 5 1535
4 5 1535
3 5 1536
4 5 1536
4 5 1537
4 5 1538
4 5 1539
4 5 1540
4 5 1541
4 5 1542
4 5 1543
4 5 1544
4 5 1545
4 5 1546
4 5 1547
4 5 1548
4 5 1549
4 5 1550
4 5 1551
4 5 1552
4 5 1553
4 5 1554
4 5 1555
4 5 1556
4 5 1557
4 5 1558
4 5 1559
4 5 1560
4 5 1561
2 5 1566
2 5 1567
2 5 1568
4 5 1570
4 5 1571
4 5 1572
4 5 1573
4 5 1574
4 5 1575
4 5 1576
4 5 1577
4 5 1578
4 5 1579
4 5 1580
4 5 1581
4 5 1582
4 5 1583
4 5 1584
4 5 1585
4 5 1586
4 5 1587
4 5 1588
4 5 1589
4 5 1590
4 5 1591
4 5 1592
4 5 1593
4 5 1594
4 5 1595
4 5 1596
4 5 1597
4 5 1598
4 5 1599
4 5 1600
4 5 1601
4 5 1602
4 5 1603
4 5 1604
4 5 1605
4 5 1606
4 5 1607
4 5 1608
4 5 1609
4 5 1610
4 5 1611
4 5 1612
4 5 1613
4 5 1614
4 5 1615
4 5 1616
4 5 1617
4 5 1618
4 5 1619
4 5 1620
4 5 1621
4 5 1622
4 5 1623
4 5 1624
4 5 1625
4 5 1626
4 5 1627
4 5 1628
2 5 1760
2 5 1761
2 5 1762
2 5 1763
2 5 1764
2 5 1765
2 5 1766
2 5 1767
2 5 1768
2 5 1769
2 5 1770
2 5 1771
2 5 1772
2 5 1773
2 5 1774
2 5 1775
2 5 1776
2 5 1777
2 5 1778
2 5 1779
2 5 1780
2 5 1781
2 5 1782
2 5 1783
2 5 1784
2 5 1785
2 5 1786
2 5 1787
2 5 1788
2 5 1789
2 5 1790
2 5 1791
2 5 1792
2 5 1793
2 5 1794
2 5 1795
2 5 1796
2 5 1797
2 5 1798
2 5 1799
2 5 1800
2 5 1801
2 5 1802
3 5 1802
3 5 1803
2 5 1803
3 5 1804
2 5 1804
2 5 1805
3 5 1805
2 5 1806
3 5 1806
2 5 1807
3 5 1807
3 5 1808
2 5 1808
2 5 1809
3 5 1809
3 5 1810
2 5 1810
3 5 1811
3 5 1812
3 5 1813
3 5 1814
3 5 1815
3 5 1816
3 5 1817
3 5 1818
3 5 1819
3 5 1820
3 5 1821
3 5 1822
3 5 1823
3 5 1824
3 5 1825
3 5 1826
3 5 1827
3 5 1828
3 5 1829
3 5 1830
3 5 1831
3 5 1832
3 5 1833
3 5 1834
3 5 1835
3 5 1836
3 5 1837
3 5 1838
3 5 1839
3 5 1840
3 5 1841
3 5 1842
3 5 1843
3 5 1844
3 5 1845
3 5 1846
3 5 1847
3 5 1848
3 5 1849
3 5 1850
3 5 1851
3 5 1852
3 5 1853
3 5 1854
3 5 1855
3 5 1856
3 5 1857
3 5 1858
3 5 1859
3 5 1860
3 5 1861
3 5 1862
3 5 1863
3 5 1864
3 5 1865
3 5 1866
3 5 1867
3 5 1868
3 5 1869
3 5 1870
3 5 1871
3 5 1872
3 5 1873
3 5 1874
3 5 1875
3 5 1876
3 5 1877
3 5 1878
3 5 1879
3 5 1880
3 5 1881
3 5 1882
3 5 1883
3 5 1884
3 5 1885
3 5 1886
3 5 1887
3 5 1888
3 5 1889
3 5 1890
3 5 1896
3 5 1897
3 5 1898
3 5 1899
3 5 1900
3 5 1901
3 5 1902
3 5 1904
3 5 1905
3 5 1906
3 5 1907
3 5 1908
3 5 1909
3 5 1910
3 5 1911
3 5 1912
3 5 1913
3 5 1914
3 5 1915
3 5 1916
