5 6 0
6 5 0
6 5 1
9 7 1
5 2 1
6 2 1
2 6 1
7 9 1
5 6 1
2 5 1
9 7 2
2 5 2
6 5 2
6 2 2
5 2 2
2 6 2
7 9 2
5 6 2
1 9 3
6 5 3
5 2 3
9 7 3
5 6 3
2 5 3
7 9 3
2 6 3
6 2 3
1 7 3
5 2 4
6 2 4
7 9 4
9 7 4
2 6 4
1 7 4
1 9 4
2 5 4
5 6 4
6 5 4
1 9 5
9 7 5
5 2 5
6 2 5
2 6 5
2 5 5
7 9 5
5 6 5
1 7 5
6 5 5
5 2 6
6 5 6
6 2 6
9 7 6
7 9 6
5 6 6
1 9 6
2 6 6
2 5 6
1 7 6
2 5 7
5 6 7
1 9 7
1 7 7
7 9 7
9 7 7
5 2 7
6 5 7
1 7 8
5 6 8
7 9 8
2 5 8
5 2 8
1 9 8
9 7 8
6 5 8
1 7 9
5 2 9
9 7 9
2 5 9
7 9 9
1 9 9
1 9 10
5 2 10
9 7 10
7 9 10
1 7 10
2 5 10
1 7 11
5 2 11
9 7 11
2 5 11
1 9 11
7 9 11
1 9 12
2 5 12
7 9 12
1 7 12
5 2 12
9 7 12
2 5 13
7 9 13
5 2 13
9 7 13
4 8 14
9 7 14
8 4 14
5 2 14
7 9 14
2 5 14
4 8 15
7 9 15
9 7 15
8 4 15
5 2 15
2 5 15
2 5 16
4 8 16
9 7 16
8 4 16
7 9 16
5 2 16
5 2 17
9 7 17
8 4 17
4 8 17
7 9 17
2 5 17
7 9 18
5 2 18
9 7 18
8 4 18
2 5 18
4 8 18
9 7 19
5 2 19
2 5 19
7 9 19
2 5 20
5 2 20
7 9 20
9 7 20
5 2 21
2 5 21
9 7 21
7 9 21
7 9 22
5 2 22
9 7 22
2 5 22
7 9 23
2 5 23
5 2 23
9 7 23
2 5 24
7 9 24
5 2 24
9 7 24
9 7 25
2 5 25
7 9 25
5 2 25
7 9 26
2 5 26
5 2 26
9 7 26
5 2 27
7 9 27
9 7 27
2 5 27
7 9 28
2 5 28
5 2 28
9 7 28
7 9 29
5 2 29
2 5 29
9 7 29
9 7 30
5 2 30
2 5 30
7 9 30
5 2 31
9 7 31
2 5 31
7 9 31
5 2 32
2 5 32
7 9 32
9 7 32
7 9 33
2 5 33
9 7 33
5 2 33
7 9 34
2 5 34
9 7 34
5 2 34
7 9 35
2 5 35
5 2 35
9 7 35
7 9 36
2 5 36
5 2 36
9 7 36
7 9 37
5 2 37
9 7 37
2 5 37
5 2 38
9 7 38
7 9 38
2 5 38
7 9 39
2 5 39
9 7 39
5 2 39
2 5 40
7 9 40
9 7 40
5 2 40
9 7 41
5 2 41
7 9 41
2 5 41
9 7 42
7 9 42
2 5 42
5 2 42
7 9 43
5 2 43
9 7 43
2 5 43
9 7 44
7 9 44
5 2 44
2 5 44
9 7 45
7 9 45
2 5 45
5 2 45
2 5 46
7 9 46
9 7 46
5 2 46
5 2 47
2 5 47
9 7 47
7 9 47
5 2 48
1 2 48
9 7 48
2 1 48
7 9 48
2 5 48
2 1 49
7 9 49
9 7 49
5 2 49
2 5 49
1 2 49
5 2 50
1 2 50
2 5 50
7 9 50
9 7 50
2 1 50
1 2 51
2 5 51
7 9 51
2 1 51
5 2 51
9 7 51
2 1 52
5 2 52
9 7 52
1 2 52
7 9 52
2 5 52
2 5 53
7 9 53
2 1 53
9 7 53
5 2 53
1 2 53
1 2 54
2 5 54
5 2 54
9 7 54
7 9 54
2 1 54
9 7 55
1 2 55
2 1 55
5 2 55
2 5 55
7 9 55
7 9 56
2 5 56
2 1 56
5 2 56
1 2 56
9 7 56
5 2 57
1 2 57
2 1 57
9 7 57
2 5 57
7 9 57
1 2 58
2 5 58
7 9 58
2 1 58
5 2 58
9 7 58
1 2 59
2 5 59
7 9 59
9 7 59
2 1 59
5 2 59
2 1 60
9 7 60
2 5 60
1 2 60
7 9 60
5 2 60
9 7 61
1 2 61
5 2 61
2 1 61
7 9 61
2 5 61
1 2 62
7 9 62
2 5 62
9 7 62
2 1 62
5 2 62
2 5 63
5 2 63
9 7 63
2 1 63
7 9 63
1 2 63
9 7 64
7 9 64
1 2 64
2 5 64
5 2 64
2 1 64
5 2 65
1 2 65
2 5 65
7 9 65
9 7 65
2 1 65
9 7 66
2 5 66
2 1 66
1 2 66
7 9 66
5 2 66
5 2 67
2 5 67
9 7 67
1 2 67
2 1 67
7 9 67
2 5 68
2 1 68
5 2 68
9 7 68
7 9 68
1 2 68
2 5 69
1 2 69
7 9 69
5 2 69
9 7 69
2 1 69
2 1 70
7 9 70
2 5 70
1 2 70
5 2 70
9 7 70
1 2 71
9 7 71
5 2 71
7 9 71
2 5 71
2 1 71
2 1 72
5 2 72
7 9 72
2 5 72
9 7 72
1 2 72
5 2 73
9 7 73
2 5 73
7 9 73
1 2 73
2 1 73
2 1 74
2 5 74
1 2 74
7 9 74
9 7 74
5 2 74
1 2 75
7 9 75
9 7 75
5 2 75
2 1 75
2 5 75
7 9 76
2 1 76
5 2 76
1 2 76
2 5 76
9 7 76
9 7 77
7 9 77
5 2 77
2 5 77
2 1 77
1 2 77
2 1 78
9 7 78
7 9 78
1 2 78
2 1 79
9 7 79
7 9 79
1 2 79
7 9 80
9 7 80
2 1 80
1 2 80
9 7 81
2 1 81
7 9 81
1 2 81
7 9 82
1 2 82
9 7 82
2 1 82
7 9 83
1 2 83
9 7 83
2 1 83
7 9 84
1 2 84
2 1 84
9 7 84
2 1 85
9 7 85
7 9 85
1 2 85
1 2 86
9 7 86
2 1 86
7 9 86
1 2 87
2 1 87
1 2 88
2 1 88
1 2 89
2 1 89
1 2 90
2 1 90
1 2 91
2 1 91
2 1 92
1 2 92
2 1 93
1 2 93
2 1 94
1 2 94
2 1 95
1 2 95
1 2 96
2 1 96
2 1 97
6 7 97
1 2 97
2 1 98
6 7 98
1 2 98
2 1 99
1 2 99
6 7 99
2 1 100
6 7 100
1 2 100
6 7 101
1 2 101
2 1 101
1 2 102
2 1 102
6 7 102
2 1 103
1 2 103
2 1 104
1 2 104
2 1 105
1 2 105
1 2 106
2 1 106
2 1 107
1 2 107
1 2 108
2 1 108
1 2 109
2 1 109
2 1 110
1 2 110
2 1 111
1 2 111
1 2 112
2 1 112
3 9 113
1 2 113
2 1 113
3 9 114
2 1 114
1 2 114
1 2 115
2 1 115
3 9 115
2 1 116
1 2 116
3 9 116
1 2 117
2 1 117
3 9 117
1 2 118
2 1 118
3 9 118
3 9 119
2 1 119
1 2 119
3 9 120
1 2 120
2 1 120
3 9 121
1 2 121
2 1 121
3 9 122
1 2 122
2 1 122
3 9 123
1 2 123
2 1 123
3 9 124
1 2 124
2 1 124
2 1 125
1 2 125
3 9 125
3 9 126
1 2 126
2 1 126
2 1 127
3 9 127
1 2 127
3 9 128
2 1 128
1 2 128
3 9 129
1 2 129
2 1 129
3 9 130
1 2 130
2 1 130
3 9 131
1 2 131
2 1 131
3 9 132
1 2 132
2 1 132
3 9 133
3 9 134
3 9 136
3 9 137
3 9 138
3 9 139
1 9 208
1 9 209
1 9 210
1 9 211
1 9 212
1 9 213
1 9 214
1 9 215
1 9 216
1 9 217
1 9 218
1 9 219
1 9 220
1 9 221
1 9 222
1 9 223
1 9 224
1 9 225
1 9 226
1 9 227
1 9 228
1 9 229
1 9 230
1 9 231
1 9 232
1 9 233
1 9 234
1 9 235
1 9 236
1 9 237
1 9 238
1 9 239
1 9 240
1 9 241
1 9 242
1 9 243
1 9 244
1 9 245
1 9 246
1 9 247
1 9 248
1 9 249
1 9 250
1 9 251
7 8 349
7 8 350
7 8 351
7 8 352
7 8 353
7 8 354
7 8 355
7 8 356
7 8 357
7 8 358
7 8 359
7 8 360
7 8 361
7 8 362
7 8 363
5 3 389
3 5 389
3 5 390
5 3 390
5 3 391
3 5 391
3 5 392
5 3 392
5 3 393
3 5 393
6 4 394
5 3 394
3 5 394
4 6 394
5 3 395
6 4 395
4 6 395
3 5 395
5 3 396
4 6 396
6 4 396
3 5 396
4 6 397
5 3 397
6 4 397
3 5 397
3 5 398
4 6 398
5 3 398
6 4 398
4 6 399
3 5 399
6 4 399
5 3 399
4 6 400
3 5 400
5 3 400
6 4 400
5 3 401
6 4 401
3 5 401
4 6 401
5 3 402
6 4 402
4 6 402
3 5 402
3 5 403
5 3 403
6 4 403
4 6 403
5 3 404
4 6 404
3 5 404
6 4 404
6 4 405
4 6 405
3 5 405
5 3 405
5 3 406
6 4 406
3 5 406
4 6 406
3 5 407
5 3 407
6 4 407
4 6 407
5 3 408
6 4 408
4 6 408
3 5 408
4 6 409
3 5 409
6 4 409
5 3 409
3 5 410
4 6 410
5 3 410
6 4 410
5 3 411
6 4 411
4 6 411
3 5 411
4 6 412
3 5 412
6 4 412
5 3 412
3 5 413
4 6 413
5 3 413
6 4 413
4 6 414
3 5 414
6 4 414
5 3 414
3 5 415
4 6 415
5 3 415
6 4 415
4 6 416
6 4 416
5 3 416
3 5 416
6 4 417
5 3 417
4 6 417
3 5 417
6 4 418
5 3 418
4 6 418
3 5 418
5 3 419
3 5 419
6 4 419
4 6 419
4 6 420
6 4 420
5 3 420
3 5 420
6 4 421
4 6 421
5 3 421
3 5 421
3 5 422
5 3 422
5 3 423
3 5 423
5 3 424
3 5 424
5 3 425
3 5 425
3 5 426
5 3 426
5 3 427
3 5 427
3 5 428
5 3 428
3 5 429
5 3 429
3 5 430
5 3 430
3 5 431
5 3 431
3 7 432
3 5 432
5 7 432
5 3 432
5 7 433
3 7 433
3 5 433
5 3 433
5 3 434
5 7 434
3 7 434
3 5 434
5 3 435
3 5 435
3 7 435
3 7 436
3 5 436
5 3 436
3 5 437
3 7 437
5 3 437
3 7 438
3 5 438
5 3 438
5 3 439
3 5 439
3 7 439
5 3 440
3 7 440
3 5 440
3 5 441
5 3 441
3 7 441
3 5 442
5 3 442
3 5 443
5 3 443
3 5 444
5 3 444
5 3 445
3 5 445
5 3 446
3 5 446
3 5 447
5 3 447
5 3 448
3 5 448
3 5 449
5 3 449
5 3 450
3 5 450
3 5 451
5 3 451
3 5 452
5 3 452
3 5 453
5 3 453
5 3 454
3 5 454
5 3 455
3 5 455
3 5 456
5 3 456
5 3 457
3 5 457
3 5 458
5 3 458
3 5 459
5 3 459
5 3 460
3 5 460
5 3 461
3 5 461
3 5 462
5 3 462
3 5 463
5 3 463
3 5 464
5 3 464
3 5 465
5 3 465
3 5 466
5 3 466
5 3 467
3 5 467
5 3 468
3 5 468
5 3 469
3 5 469
5 3 470
3 5 470
5 3 471
3 5 471
5 3 472
3 5 472
5 3 473
3 5 473
5 3 474
3 5 474
3 5 475
5 3 475
5 3 476
3 5 476
3 5 477
5 3 477
3 5 478
5 3 478
3 5 479
5 3 479
6 7 498
6 7 499
6 7 500
6 7 501
6 7 502
6 7 503
6 7 504
6 7 505
6 7 506
6 7 507
6 7 508
6 7 509
6 7 510
6 7 511
6 7 512
6 7 513
6 7 514
6 7 515
6 7 516
6 7 517
5 9 524
5 9 525
5 9 526
5 9 527
5 9 528
5 9 529
5 9 530
5 9 531
5 9 532
5 9 533
5 9 534
5 9 535
5 9 536
5 9 537
5 9 538
5 9 539
5 9 540
5 9 541
5 9 542
5 9 543
5 9 544
5 9 545
5 9 546
5 9 547
5 9 548
5 9 549
5 9 550
5 9 551
9 7 552
5 9 552
7 9 552
5 7 553
5 9 553
9 7 553
7 9 553
7 9 554
5 9 554
5 7 554
9 7 554
5 9 555
5 7 555
7 9 555
9 7 555
9 7 556
5 9 556
5 7 556
7 9 556
9 7 557
5 9 557
5 7 557
7 9 557
7 9 558
9 7 558
5 9 558
5 7 558
9 7 559
5 9 559
7 9 559
5 7 559
7 9 560
5 7 560
9 7 560
5 9 560
5 7 561
5 9 561
7 9 561
9 7 561
5 9 562
9 7 562
7 9 562
5 7 562
5 9 563
7 9 563
9 7 563
5 7 563
5 7 564
9 7 564
7 9 564
5 9 564
5 9 565
7 9 565
9 7 565
5 7 565
7 9 566
5 9 566
9 7 566
5 7 566
7 9 567
9 7 567
5 7 567
5 9 567
7 9 568
5 7 568
5 9 568
9 7 568
7 9 569
5 9 569
5 7 569
9 7 569
5 7 570
5 9 570
7 9 570
9 7 570
5 7 571
9 7 571
5 9 571
7 9 571
7 9 572
9 7 572
5 9 572
5 7 572
9 7 573
7 9 573
5 7 573
5 9 573
5 9 574
7 9 574
9 7 574
5 7 574
9 7 575
5 7 575
5 9 575
7 9 575
9 7 576
7 9 576
5 7 576
5 9 576
5 7 577
5 9 577
9 7 577
7 9 577
5 7 578
7 9 578
5 9 578
9 7 578
5 7 579
7 9 579
5 9 579
9 7 579
9 7 580
5 9 580
7 9 580
5 7 580
5 7 581
5 9 581
7 9 581
9 7 581
9 7 582
5 9 582
7 9 582
5 7 582
7 9 583
9 7 583
5 9 583
5 7 583
9 7 584
5 9 584
7 9 584
5 7 584
7 9 585
5 9 585
9 7 585
5 7 585
9 7 586
5 7 586
5 9 586
7 9 586
5 7 587
5 9 587
9 7 587
7 9 587
5 9 588
5 7 588
9 7 588
7 9 588
9 7 589
5 7 589
7 9 589
5 9 589
9 7 590
7 9 590
5 9 590
5 7 590
5 9 591
5 7 591
7 9 591
9 7 591
9 7 592
5 9 592
5 7 592
7 9 592
9 7 593
5 9 593
7 9 593
5 7 593
5 9 594
5 7 594
9 7 594
7 9 594
5 9 595
5 7 595
9 7 595
7 9 595
9 7 596
7 9 596
9 7 597
7 9 597
9 7 598
7 9 598
7 9 599
9 7 599
9 7 600
7 9 600
9 7 601
7 9 601
7 9 602
9 7 602
9 7 603
7 9 603
9 7 604
7 9 604
9 7 605
7 9 605
9 7 606
7 9 606
9 7 607
7 9 607
7 9 608
9 7 608
7 9 609
9 7 609
9 7 610
7 9 610
7 9 611
9 7 611
7 9 612
9 7 612
9 7 613
7 9 613
9 7 614
7 9 614
9 7 615
7 9 615
9 7 616
7 9 616
9 7 617
7 9 617
9 7 618
7 9 618
9 7 619
7 9 619
9 7 620
7 9 620
7 9 621
9 7 621
9 7 622
7 9 622
7 9 623
9 7 623
9 7 624
7 9 624
7 9 625
9 7 625
7 9 626
9 7 626
9 7 627
7 9 627
7 9 628
9 7 628
7 9 629
9 7 629
6 7 644
6 7 645
6 7 646
6 7 647
6 7 648
6 7 649
6 7 650
6 7 651
6 7 652
6 7 653
6 7 654
6 7 655
6 7 656
6 7 657
6 7 658
6 7 659
3 9 684
3 9 685
3 9 686
3 9 687
3 9 688
3 9 689
3 9 690
3 9 691
3 9 692
3 9 693
3 9 694
3 9 695
3 9 746
3 9 747
3 9 748
3 9 749
2 6 793
6 2 793
2 6 794
6 2 794
2 6 795
6 2 795
6 2 796
2 6 796
6 2 797
2 6 797
6 2 798
2 6 798
6 2 799
2 6 799
6 2 800
2 6 800
2 6 801
6 2 801
6 2 802
2 6 802
2 6 803
6 2 803
6 2 804
2 6 804
2 6 805
6 2 805
2 3 923
3 2 923
2 3 924
3 2 924
3 2 925
2 3 925
2 3 926
3 2 926
3 2 927
2 3 927
3 2 928
2 3 928
3 2 929
2 3 929
2 3 930
3 2 930
2 3 931
3 2 931
3 2 932
2 3 932
2 3 933
3 2 933
2 3 934
3 2 934
2 3 935
3 2 935
3 2 936
2 3 936
3 2 937
2 3 937
3 2 938
2 3 938
3 2 939
2 3 939
3 2 940
2 3 940
3 2 941
2 3 941
2 3 942
3 2 942
3 2 943
2 3 943
6 7 1015
6 7 1016
6 7 1017
6 7 1018
6 7 1019
6 7 1020
6 7 1021
6 7 1022
6 7 1023
6 7 1024
6 7 1025
6 7 1026
6 7 1027
4 7 1049
4 7 1050
4 7 1051
4 7 1052
4 7 1053
4 7 1054
4 7 1055
4 7 1056
4 7 1057
4 7 1058
4 7 1059
4 7 1060
4 7 1061
4 7 1062
4 7 1063
4 7 1128
4 7 1129
4 7 1130
4 7 1131
4 7 1136
4 7 1137
4 7 1138
4 7 1139
4 7 1140
4 7 1141
4 7 1142
4 7 1143
4 7 1144
4 7 1145
4 7 1146
4 7 1147
4 7 1148
4 7 1149
4 7 1150
4 7 1151
3 7 1162
3 7 1163
3 7 1164
3 7 1165
3 7 1166
3 7 1167
3 7 1168
3 7 1169
3 7 1170
3 7 1171
3 7 1172
3 7 1173
3 7 1174
3 7 1175
3 7 1176
3 7 1177
2 7 1180
2 7 1181
2 7 1182
2 7 1183
2 7 1184
2 7 1185
2 7 1186
2 7 1187
2 7 1188
2 7 1189
2 7 1190
3 7 1194
3 7 1195
3 7 1196
3 7 1197
3 7 1198
3 7 1199
3 7 1200
3 7 1201
3 7 1202
3 7 1203
3 7 1204
3 7 1205
3 7 1206
3 7 1207
3 7 1208
3 7 1209
3 7 1210
3 7 1211
3 7 1212
3 7 1213
3 7 1214
3 7 1215
3 7 1216
3 7 1217
3 7 1218
3 7 1219
3 7 1220
3 7 1221
3 7 1222
3 7 1223
3 7 1224
3 7 1225
3 7 1226
4 7 1227
3 7 1227
3 7 1228
4 7 1228
4 7 1229
4 7 1230
4 7 1231
4 7 1232
4 7 1233
4 7 1234
4 7 1235
4 7 1236
4 7 1237
4 7 1238
4 7 1242
4 7 1243
1 4 1419
4 1 1419
1 4 1420
4 1 1420
4 1 1421
1 4 1421
1 4 1422
4 1 1422
4 1 1423
1 4 1423
1 4 1424
4 1 1424
4 1 1425
1 4 1425
4 1 1426
1 4 1426
1 4 1427
4 1 1427
4 1 1428
1 4 1428
1 4 1429
4 1 1429
1 4 1430
4 1 1430
1 4 1431
4 1 1431
4 1 1432
1 4 1432
4 1 1433
1 4 1433
4 1 1434
1 4 1434
4 1 1435
1 4 1435
4 1 1436
1 4 1436
4 1 1437
1 4 1437
1 4 1438
4 1 1438
4 1 1439
1 4 1439
4 1 1440
1 4 1440
4 1 1441
1 4 1441
4 1 1442
1 4 1442
1 4 1443
4 1 1443
4 1 1444
1 4 1444
4 1 1445
1 4 1445
4 1 1446
1 4 1446
6 7 1463
6 7 1464
6 7 1465
6 7 1466
6 7 1467
6 7 1468
6 7 1469
6 7 1470
6 7 1471
6 7 1472
6 7 1473
6 7 1474
6 7 1475
6 7 1476
6 7 1477
6 7 1478
6 7 1479
6 7 1480
6 7 1481
6 7 1482
6 7 1483
6 7 1484
6 7 1485
6 7 1486
6 7 1487
6 7 1488
6 7 1489
6 7 1490
6 7 1491
6 7 1492
6 7 1493
8 9 1509
8 9 1510
8 9 1511
8 9 1512
8 9 1513
4 7 1513
8 9 1514
4 7 1514
4 7 1515
8 9 1515
4 7 1516
8 9 1516
8 9 1517
4 7 1517
8 9 1518
4 7 1518
4 7 1519
8 9 1519
8 9 1520
4 7 1520
8 9 1521
4 7 1521
8 9 1522
4 7 1522
8 9 1523
4 7 1523
4 7 1524
8 9 1524
8 9 1525
4 7 1525
4 7 1526
8 9 1526
8 9 1527
4 7 1527
8 9 1528
4 7 1528
4 7 1529
8 9 1529
4 7 1530
8 9 1530
4 7 1531
8 9 1531
8 9 1532
4 7 1532
8 9 1533
4 7 1533
8 9 1534
4 7 1534
4 7 1535
8 9 1535
8 9 1536
4 7 1536
8 9 1537
4 7 1537
4 7 1538
8 9 1538
8 9 1539
4 7 1539
8 9 1540
4 7 1540
4 7 1541
8 9 1541
4 7 1542
8 9 1542
4 7 1543
8 9 1543
4 7 1544
8 9 1544
8 9 1545
4 7 1545
4 7 1546
8 9 1546
8 9 1547
4 7 1547
8 9 1548
4 7 1548
4 7 1549
8 9 1549
4 7 1550
8 9 1550
8 9 1551
4 7 1551
8 9 1552
4 7 1552
4 7 1553
8 9 1553
8 9 1554
4 7 1554
4 7 1555
8 9 1555
8 9 1556
4 7 1556
8 9 1557
4 7 1557
8 9 1558
4 7 1558
8 9 1559
4 7 1559
4 7 1560
8 9 1560
8 9 1561
4 7 1561
8 9 1562
4 7 1562
8 9 1563
4 7 1563
4 7 1564
8 9 1564
4 7 1565
8 9 1565
4 7 1566
8 9 1566
4 7 1567
8 9 1567
4 7 1568
8 9 1568
4 7 1569
8 9 1569
8 9 1570
4 7 1570
4 7 1571
8 9 1571
8 9 1572
4 7 1572
8 9 1573
8 9 1574
9 7 1691
7 9 1691
9 7 1692
7 9 1692
7 9 1693
9 7 1693
9 7 1694
7 9 1694
9 7 1695
7 9 1695
9 7 1696
7 9 1696
9 7 1697
7 9 1697
9 7 1698
7 9 1698
9 7 1699
7 9 1699
9 7 1700
7 9 1700
9 7 1701
7 9 1701
9 7 1702
7 9 1702
7 9 1703
9 7 1703
9 7 1704
7 9 1704
9 7 1705
7 9 1705
9 7 1706
7 9 1706
9 7 1707
7 9 1707
9 7 1708
7 9 1708
9 7 1709
7 9 1709
9 7 1710
7 9 1710
7 9 1711
9 7 1711
7 9 1712
9 7 1712
9 7 1713
7 9 1713
9 7 1714
7 9 1714
7 9 1715
9 7 1715
7 9 1716
9 7 1716
7 9 1717
9 7 1717
7 9 1718
9 7 1718
9 7 1719
7 9 1719
9 7 1720
7 9 1720
9 7 1721
7 9 1721
9 7 1722
7 9 1722
9 7 1723
7 9 1723
9 7 1724
7 9 1724
7 9 1725
9 7 1725
9 7 1726
7 9 1726
9 7 1727
7 9 1727
7 9 1728
9 7 1728
9 7 1729
7 9 1729
9 7 1730
7 9 1730
7 9 1731
9 7 1731
9 7 1732
7 9 1732
9 7 1733
7 9 1733
9 7 1734
7 9 1734
9 7 1735
7 9 1735
7 9 1736
9 7 1736
7 9 1737
9 7 1737
9 7 1738
7 9 1738
9 7 1739
7 9 1739
7 9 1740
9 7 1740
7 9 1741
9 7 1741
9 7 1742
7 9 1742
9 7 1743
7 9 1743
9 7 1744
7 9 1744
9 7 1745
7 9 1745
9 7 1746
7 9 1746
9 7 1747
7 9 1747
7 9 1748
9 7 1748
9 7 1749
7 9 1749
9 7 1750
7 9 1750
9 7 1751
7 9 1751
9 7 1752
7 9 1752
9 7 1753
7 9 1753
7 9 1754
9 7 1754
7 9 1755
9 7 1755
7 9 1756
9 7 1756
7 9 1757
9 7 1757
7 9 1758
9 7 1758
7 9 1759
9 7 1759
9 7 1760
7 9 1760
7 9 1761
9 7 1761
9 7 1762
7 9 1762
9 7 1763
7 9 1763
9 7 1764
7 9 1764
9 7 1765
7 9 1765
7 9 1766
9 7 1766
9 7 1767
7 9 1767
9 7 1768
7 9 1768
9 7 1769
7 9 1769
7 9 1770
9 7 1770
7 9 1771
9 7 1771
7 9 1772
9 7 1772
9 7 1773
7 9 1773
9 7 1774
7 9 1774
9 7 1775
7 9 1775
7 9 1776
9 7 1776
9 7 1777
7 9 1777
9 7 1778
7 9 1778
7 9 1779
9 7 1779
9 7 1780
7 9 1780
7 9 1781
9 7 1781
7 9 1782
9 7 1782
7 9 1783
9 7 1783
7 9 1784
9 7 1784
