3 5 0
2 8 0
8 2 0
5 3 0
5 8 1
3 5 1
1 3 1
1 8 1
1 5 1
8 1 1
5 3 1
1 3 2
1 8 2
1 5 2
8 1 2
5 8 2
3 5 2
5 3 2
1 3 3
1 5 3
1 8 3
5 8 3
3 5 3
5 3 3
8 1 3
8 6 4
6 1 4
8 1 4
5 3 4
5 8 4
1 6 4
5 6 4
1 8 4
1 5 4
6 8 4
1 3 4
3 5 4
5 3 5
1 3 5
8 6 5
7 2 5
6 1 5
8 1 5
1 5 5
6 8 5
3 5 5
2 7 5
5 8 5
1 8 5
1 6 5
5 6 5
5 9 6
6 4 6
9 6 6
8 4 6
9 1 6
4 1 6
6 1 6
5 3 6
8 6 6
7 2 6
9 8 6
9 4 6
8 1 6
1 3 6
6 8 6
6 9 6
2 7 6
1 5 6
8 9 6
4 5 6
4 6 6
4 9 6
3 5 6
1 6 6
3 4 6
1 8 6
5 8 6
1 9 6
4 8 6
3 9 6
5 6 6
1 4 6
7 2 7
8 1 7
9 4 7
8 6 7
4 1 7
9 6 7
6 4 7
6 1 7
2 7 7
9 8 7
1 9 7
1 6 7
1 5 7
5 8 7
3 8 7
4 6 7
6 9 7
4 5 7
1 4 7
6 8 7
3 6 7
4 9 7
3 4 7
1 8 7
1 3 7
5 6 7
9 1 7
5 9 7
8 9 7
3 5 7
4 8 7
5 3 7
8 4 7
3 9 7
9 6 8
7 2 8
9 4 8
9 8 8
9 1 8
6 4 8
5 3 8
8 6 8
6 1 8
8 4 8
4 1 8
8 1 8
6 8 8
3 4 8
4 5 8
3 6 8
5 9 8
1 3 8
3 5 8
5 8 8
1 5 8
1 8 8
1 6 8
4 8 8
1 9 8
3 8 8
1 4 8
3 9 8
4 6 8
8 9 8
2 7 8
6 9 8
4 9 8
5 6 8
7 2 9
5 3 9
8 6 9
6 4 9
9 6 9
6 1 9
8 4 9
9 1 9
9 4 9
8 1 9
9 8 9
4 1 9
8 9 9
4 8 9
4 5 9
3 6 9
5 8 9
3 4 9
4 9 9
1 5 9
1 9 9
1 4 9
5 6 9
1 6 9
3 8 9
6 9 9
4 6 9
6 8 9
3 5 9
3 9 9
2 7 9
5 9 9
1 3 9
1 8 9
9 6 10
4 1 10
8 1 10
3 6 10
8 6 10
5 6 10
3 8 10
2 7 10
1 6 10
1 3 10
4 6 10
3 5 10
4 9 10
3 4 10
5 8 10
4 8 10
4 5 10
3 9 10
8 9 10
1 9 10
8 4 10
9 8 10
9 4 10
6 8 10
6 4 10
6 1 10
5 3 10
1 4 10
5 9 10
1 5 10
6 9 10
1 8 10
7 2 10
9 1 10
6 8 11
1 5 11
3 8 11
5 6 11
8 9 11
1 9 11
1 3 11
3 6 11
1 6 11
7 2 11
8 4 11
9 4 11
5 3 11
6 4 11
9 6 11
1 4 11
8 1 11
8 6 11
9 8 11
9 1 11
1 8 11
6 9 11
4 6 11
3 5 11
4 5 11
4 9 11
5 9 11
4 8 11
3 9 11
3 4 11
5 8 11
2 7 11
6 1 11
4 1 11
5 3 12
9 1 12
4 1 12
8 1 12
6 4 12
8 4 12
9 8 12
8 6 12
6 1 12
9 6 12
7 2 12
4 6 12
9 4 12
6 9 12
5 9 12
1 9 12
5 6 12
1 3 12
3 5 12
1 4 12
3 6 12
1 8 12
5 8 12
3 4 12
4 8 12
3 8 12
1 6 12
8 9 12
6 8 12
1 5 12
4 9 12
2 7 12
4 5 12
3 9 12
1 5 13
6 1 13
3 6 13
4 9 13
9 6 13
8 1 13
7 2 13
6 4 13
8 4 13
8 6 13
9 8 13
5 3 13
8 7 13
9 1 13
9 7 13
9 4 13
3 8 13
4 1 13
7 9 13
7 8 13
3 4 13
5 6 13
1 9 13
4 5 13
3 9 13
6 9 13
5 8 13
1 8 13
2 7 13
5 9 13
4 8 13
4 6 13
1 4 13
6 8 13
8 9 13
3 5 13
1 3 13
1 6 13
9 6 14
9 8 14
9 4 14
9 7 14
9 1 14
5 3 14
6 4 14
8 7 14
8 6 14
8 1 14
7 4 14
6 1 14
8 4 14
4 1 14
7 6 14
7 2 14
6 7 14
4 6 14
1 5 14
5 8 14
5 6 14
5 9 14
4 8 14
1 6 14
4 7 14
1 8 14
6 8 14
7 8 14
3 5 14
4 5 14
3 9 14
1 9 14
7 9 14
3 4 14
2 7 14
1 3 14
3 8 14
6 9 14
1 4 14
8 9 14
3 6 14
4 9 14
7 9 15
1 3 15
4 9 15
3 4 15
8 9 15
5 7 15
3 5 15
1 9 15
6 7 15
5 9 15
1 6 15
7 8 15
4 6 15
5 8 15
4 7 15
4 8 15
6 9 15
2 7 15
1 7 15
8 1 15
8 6 15
4 1 15
7 2 15
7 1 15
8 4 15
6 1 15
9 4 15
9 7 15
5 3 15
7 4 15
7 6 15
9 8 15
6 4 15
3 6 15
9 1 15
1 4 15
5 6 15
6 8 15
1 8 15
3 8 15
3 9 15
4 5 15
9 6 15
8 7 15
1 5 15
6 7 16
1 9 16
1 6 16
5 9 16
6 9 16
2 7 16
4 5 16
3 8 16
4 8 16
3 5 16
1 7 16
8 9 16
1 8 16
5 6 16
6 8 16
4 6 16
3 6 16
4 7 16
5 8 16
3 9 16
5 7 16
7 8 16
1 5 16
3 4 16
1 4 16
7 9 16
4 9 16
1 3 16
4 1 16
8 4 16
7 2 16
7 1 16
7 6 16
6 1 16
9 1 16
9 4 16
5 3 16
9 7 16
8 6 16
6 4 16
7 4 16
8 7 16
8 1 16
9 8 16
9 6 16
5 3 17
7 4 17
9 8 17
7 2 17
7 1 17
9 4 17
9 7 17
8 4 17
6 1 17
7 6 17
8 1 17
9 6 17
8 7 17
9 1 17
8 6 17
4 1 17
6 4 17
3 9 17
7 8 17
7 9 17
3 4 17
4 8 17
1 6 17
6 7 17
1 8 17
1 4 17
3 6 17
1 7 17
1 5 17
3 8 17
5 8 17
3 5 17
4 5 17
6 8 17
1 9 17
5 9 17
6 9 17
3 7 17
2 7 17
4 9 17
8 9 17
4 7 17
5 7 17
5 6 17
1 3 17
4 6 17
9 1 18
7 2 18
9 4 18
7 6 18
6 9 18
3 7 18
8 4 18
1 6 18
8 9 18
4 5 18
5 3 18
7 4 18
4 1 18
6 4 18
8 7 18
8 6 18
9 7 18
9 8 18
6 1 18
9 6 18
1 5 18
8 1 18
1 7 18
7 1 18
6 7 18
1 9 18
7 9 18
3 6 18
3 9 18
6 8 18
7 8 18
3 8 18
5 7 18
4 6 18
5 8 18
1 3 18
1 4 18
4 9 18
4 7 18
5 9 18
5 6 18
4 8 18
2 7 18
3 5 18
1 8 18
3 4 18
8 7 19
7 1 19
9 4 19
4 1 19
8 6 19
8 2 19
6 4 19
7 2 19
5 3 19
3 7 19
7 9 19
1 8 19
6 7 19
1 9 19
6 9 19
1 6 19
5 8 19
8 9 19
4 7 19
8 1 19
4 8 19
4 5 19
7 6 19
3 6 19
9 6 19
3 8 19
1 3 19
7 8 19
5 6 19
3 5 19
2 7 19
4 6 19
2 8 19
6 8 19
1 4 19
4 9 19
5 9 19
1 7 19
1 5 19
3 4 19
3 9 19
8 4 19
9 7 19
7 4 19
9 8 19
6 1 19
9 1 19
5 7 19
1 8 20
8 4 20
2 7 20
2 8 20
2 9 20
3 4 20
3 5 20
3 6 20
1 7 20
3 7 20
3 8 20
3 9 20
4 5 20
4 6 20
1 9 20
4 9 20
4 8 20
2 6 20
1 5 20
1 4 20
5 7 20
5 6 20
7 9 20
1 3 20
7 8 20
6 7 20
6 9 20
1 6 20
6 8 20
5 8 20
8 9 20
2 1 20
5 9 20
1 2 20
4 7 20
8 2 20
9 8 20
9 6 20
7 6 20
8 7 20
9 7 20
7 2 20
4 1 20
6 2 20
9 4 20
9 1 20
7 4 20
6 4 20
8 1 20
7 1 20
5 3 20
9 2 20
6 1 20
8 6 20
1 7 21
5 8 21
8 9 21
4 8 21
4 5 21
5 7 21
2 7 21
4 7 21
1 3 21
3 4 21
1 2 21
1 5 21
7 8 21
5 6 21
5 9 21
3 9 21
3 7 21
3 5 21
2 4 21
3 8 21
4 6 21
4 9 21
6 8 21
1 6 21
1 8 21
6 7 21
7 9 21
9 4 21
6 9 21
6 4 21
4 2 21
5 3 21
7 6 21
8 7 21
2 1 21
7 4 21
6 1 21
8 1 21
7 2 21
7 1 21
9 8 21
2 9 21
8 4 21
9 2 21
1 9 21
3 6 21
1 4 21
2 6 21
9 7 21
8 6 21
2 8 21
8 2 21
6 2 21
4 1 21
9 1 21
9 6 21
4 7 22
1 8 22
3 6 22
7 9 22
2 7 22
5 7 22
4 8 22
7 4 22
8 1 22
9 7 22
8 7 22
5 3 22
8 6 22
5 8 22
4 2 22
6 1 22
1 9 22
9 4 22
7 6 22
2 1 22
7 2 22
7 1 22
8 2 22
8 4 22
9 1 22
6 4 22
9 8 22
9 6 22
6 2 22
9 2 22
4 6 22
6 9 22
1 3 22
7 8 22
3 5 22
6 8 22
3 4 22
2 4 22
4 5 22
1 6 22
3 8 22
4 9 22
2 6 22
8 9 22
6 7 22
5 6 22
2 5 22
1 2 22
1 5 22
3 7 22
1 7 22
2 8 22
1 4 22
2 9 22
3 9 22
5 9 22
4 1 22
9 4 23
7 6 23
8 4 23
8 7 23
7 4 23
9 7 23
9 2 23
4 2 23
6 1 23
2 1 23
7 2 23
9 8 23
8 2 23
8 1 23
7 1 23
6 4 23
9 1 23
4 1 23
8 6 23
9 6 23
6 2 23
5 3 23
3 9 23
1 4 23
1 9 23
4 5 23
4 6 23
1 7 23
1 8 23
2 8 23
8 9 23
4 8 23
2 7 23
1 2 23
1 6 23
2 4 23
3 4 23
2 5 23
5 6 23
2 9 23
7 9 23
4 7 23
5 7 23
2 6 23
3 5 23
1 3 23
6 7 23
4 9 23
3 8 23
1 5 23
5 8 23
3 6 23
5 9 23
7 8 23
6 9 23
3 7 23
6 8 23
2 9 24
3 7 24
6 9 24
1 6 24
2 4 24
4 6 24
4 5 24
3 8 24
1 2 24
5 9 24
6 7 24
3 6 24
5 6 24
7 9 24
4 7 24
5 7 24
1 3 24
3 5 24
1 9 24
7 8 24
1 5 24
2 7 24
2 5 24
1 8 24
1 4 24
3 4 24
2 6 24
5 8 24
1 7 24
8 4 24
8 6 24
9 8 24
6 4 24
7 6 24
4 2 24
6 1 24
9 6 24
9 2 24
9 7 24
7 4 24
5 3 24
9 1 24
8 7 24
7 2 24
8 1 24
2 1 24
4 1 24
6 2 24
7 1 24
9 4 24
8 2 24
6 8 24
2 8 24
4 9 24
3 9 24
4 8 24
8 9 24
1 6 25
1 7 25
1 5 25
4 7 25
5 9 25
4 8 25
1 8 25
4 5 25
4 9 25
3 9 25
7 9 25
1 9 25
6 9 25
3 8 25
5 7 25
6 7 25
1 4 25
2 6 25
2 5 25
1 2 25
2 7 25
2 8 25
2 9 25
8 9 25
6 8 25
2 4 25
3 4 25
3 5 25
7 8 25
1 3 25
3 6 25
3 7 25
5 8 25
7 6 25
4 1 25
6 2 25
2 1 25
7 2 25
8 2 25
9 2 25
9 8 25
8 6 25
4 2 25
5 3 25
8 7 25
9 6 25
5 6 25
9 1 25
9 4 25
8 1 25
8 4 25
7 4 25
7 1 25
6 1 25
6 4 25
4 6 25
9 7 25
5 9 26
4 5 26
3 7 26
6 9 26
4 6 26
1 8 26
9 2 26
1 9 26
6 4 26
8 1 26
9 6 26
9 1 26
8 6 26
4 1 26
9 4 26
5 3 26
8 7 26
8 4 26
7 4 26
6 2 26
2 1 26
7 6 26
6 1 26
7 2 26
7 1 26
8 2 26
9 7 26
9 8 26
4 2 26
3 4 26
6 8 26
1 4 26
3 6 26
4 8 26
2 9 26
8 9 26
7 9 26
2 8 26
1 7 26
2 7 26
6 7 26
1 2 26
5 6 26
2 5 26
3 9 26
1 6 26
2 4 26
2 6 26
3 8 26
5 7 26
4 9 26
3 5 26
5 8 26
7 8 26
4 7 26
1 5 26
1 3 26
4 2 27
6 2 27
9 6 27
9 7 27
6 7 27
3 9 27
5 9 27
1 5 27
3 8 27
1 9 27
6 1 27
9 4 27
8 4 27
4 1 27
2 1 27
6 4 27
9 2 27
7 2 27
9 8 27
7 1 27
8 7 27
8 2 27
8 6 27
8 1 27
1 4 27
7 6 27
9 1 27
5 3 27
1 8 27
2 9 27
1 3 27
4 7 27
4 5 27
4 9 27
3 7 27
7 9 27
6 9 27
3 6 27
2 6 27
6 8 27
5 8 27
2 5 27
1 6 27
2 4 27
4 8 27
2 8 27
5 6 27
1 7 27
3 4 27
8 9 27
7 8 27
5 7 27
7 4 27
4 6 27
1 2 27
3 5 27
2 7 27
8 4 28
7 4 28
8 1 28
4 1 28
9 8 28
6 2 28
9 1 28
7 1 28
9 4 28
1 5 28
9 7 28
6 1 28
5 3 28
9 6 28
8 2 28
7 2 28
4 2 28
2 1 28
7 6 28
8 7 28
9 2 28
8 6 28
3 6 28
2 4 28
2 5 28
2 8 28
5 8 28
5 7 28
1 4 28
5 9 28
3 7 28
2 6 28
1 9 28
6 9 28
2 9 28
1 8 28
6 4 28
8 9 28
1 2 28
2 7 28
6 7 28
4 8 28
3 9 28
1 7 28
4 7 28
4 9 28
1 3 28
7 8 28
3 8 28
4 5 28
5 6 28
1 6 28
3 5 28
6 8 28
3 4 28
4 6 28
7 9 28
4 8 29
2 8 29
4 9 29
4 5 29
3 9 29
1 6 29
1 5 29
6 7 29
2 9 29
7 8 29
6 8 29
1 7 29
2 7 29
4 6 29
1 4 29
8 9 29
3 7 29
4 7 29
1 9 29
3 4 29
8 1 29
6 2 29
9 2 29
9 1 29
8 4 29
9 4 29
6 1 29
2 6 29
8 2 29
7 6 29
7 4 29
9 8 29
4 1 29
6 4 29
7 2 29
7 1 29
9 6 29
8 6 29
8 7 29
4 2 29
5 8 29
6 9 29
1 8 29
3 5 29
2 5 29
3 6 29
2 1 29
2 4 29
7 9 29
1 3 29
5 9 29
5 6 29
9 7 29
5 7 29
3 8 29
1 2 29
5 3 29
7 6 30
8 2 30
9 7 30
8 1 30
9 2 30
7 2 30
9 1 30
8 6 30
5 3 30
9 8 30
7 4 30
9 6 30
6 2 30
6 1 30
8 7 30
6 4 30
4 2 30
8 4 30
2 1 30
7 1 30
4 7 30
6 8 30
4 5 30
1 3 30
8 9 30
6 9 30
3 4 30
1 2 30
5 7 30
5 9 30
2 6 30
2 5 30
1 6 30
4 6 30
3 9 30
2 4 30
7 9 30
4 8 30
1 8 30
3 8 30
2 8 30
5 6 30
5 8 30
1 7 30
9 4 30
3 5 30
3 6 30
4 1 30
6 7 30
2 3 30
1 4 30
4 9 30
7 8 30
2 7 30
1 5 30
3 7 30
2 9 30
1 9 30
8 7 31
4 1 31
5 3 31
7 4 31
8 1 31
8 2 31
8 6 31
9 7 31
6 4 31
6 1 31
8 4 31
7 2 31
9 8 31
6 2 31
7 6 31
2 1 31
7 1 31
9 4 31
9 1 31
9 2 31
9 6 31
4 5 31
3 4 31
2 7 31
2 8 31
1 8 31
1 6 31
8 9 31
5 9 31
4 9 31
1 7 31
1 2 31
1 4 31
6 7 31
2 5 31
4 2 31
6 8 31
5 6 31
1 3 31
4 6 31
3 9 31
7 8 31
3 6 31
2 6 31
4 8 31
2 9 31
2 4 31
2 3 31
1 9 31
6 9 31
3 8 31
5 8 31
7 9 31
3 7 31
5 7 31
4 7 31
3 5 31
1 5 31
5 3 32
7 2 32
9 4 32
8 1 32
1 5 32
6 2 32
4 9 32
8 4 32
7 8 32
4 5 32
8 7 32
1 8 32
7 6 32
9 1 32
7 4 32
8 2 32
4 2 32
7 1 32
9 7 32
3 4 32
6 4 32
9 6 32
6 1 32
8 6 32
9 8 32
2 1 32
4 1 32
6 7 32
2 7 32
3 7 32
4 6 32
3 6 32
2 9 32
5 8 32
4 8 32
3 9 32
1 2 32
5 7 32
8 9 32
1 3 32
6 8 32
1 6 32
6 9 32
2 5 32
3 5 32
2 6 32
5 9 32
1 9 32
1 4 32
9 2 32
4 7 32
2 3 32
2 8 32
5 6 32
2 4 32
1 7 32
7 9 32
3 8 32
5 3 33
9 1 33
2 1 33
7 1 33
8 1 33
4 2 33
6 1 33
4 1 33
8 6 33
9 4 33
8 4 33
9 2 33
6 2 33
9 7 33
8 2 33
7 4 33
9 6 33
8 7 33
7 2 33
6 4 33
9 8 33
7 6 33
1 3 33
1 2 33
7 8 33
3 4 33
6 7 33
4 7 33
5 6 33
2 8 33
7 9 33
1 9 33
2 6 33
2 9 33
5 9 33
3 6 33
5 8 33
4 5 33
3 7 33
2 7 33
4 6 33
3 8 33
8 9 33
1 7 33
3 5 33
1 5 33
2 5 33
2 3 33
2 4 33
1 6 33
1 8 33
3 9 33
6 8 33
4 9 33
5 7 33
4 8 33
6 9 33
1 4 33
9 2 34
8 4 34
9 8 34
8 2 34
7 1 34
9 4 34
9 6 34
6 2 34
7 2 34
8 7 34
9 1 34
8 6 34
6 1 34
7 4 34
4 2 34
8 1 34
9 7 34
7 6 34
2 1 34
5 3 34
4 1 34
6 4 34
4 9 34
2 7 34
4 8 34
3 7 34
6 9 34
4 6 34
5 8 34
1 7 34
3 8 34
2 8 34
2 5 34
8 9 34
2 9 34
1 2 34
5 9 34
1 4 34
5 7 34
3 6 34
2 6 34
1 9 34
6 7 34
4 5 34
7 9 34
1 8 34
1 3 34
3 5 34
7 8 34
2 3 34
1 5 34
3 4 34
5 6 34
4 7 34
3 9 34
1 6 34
6 8 34
2 4 34
4 9 35
1 7 35
2 8 35
1 6 35
5 9 35
4 6 35
6 9 35
7 9 35
1 5 35
5 8 35
6 8 35
6 7 35
3 8 35
5 7 35
3 5 35
5 6 35
2 3 35
4 5 35
4 7 35
1 9 35
1 8 35
2 4 35
8 1 35
4 2 35
9 8 35
7 2 35
9 2 35
2 1 35
4 1 35
8 7 35
1 2 35
2 5 35
2 6 35
1 3 35
7 8 35
1 4 35
3 6 35
9 1 35
9 4 35
6 2 35
6 1 35
8 9 35
3 4 35
3 9 35
2 7 35
3 7 35
2 9 35
8 2 35
5 3 35
4 8 35
6 4 35
9 6 35
9 7 35
8 4 35
7 1 35
7 4 35
8 6 35
7 6 35
8 2 36
2 1 36
6 4 36
8 4 36
5 3 36
8 7 36
4 2 36
9 8 36
9 1 36
9 4 36
7 1 36
7 6 36
6 2 36
4 1 36
7 4 36
8 6 36
9 6 36
9 2 36
8 1 36
7 2 36
9 7 36
1 3 36
4 6 36
1 2 36
1 6 36
1 5 36
1 9 36
4 9 36
5 6 36
6 1 36
3 8 36
1 7 36
2 7 36
4 5 36
6 7 36
8 9 36
2 6 36
4 8 36
7 8 36
3 5 36
1 8 36
5 8 36
3 6 36
2 8 36
5 7 36
2 5 36
2 9 36
3 4 36
6 8 36
6 9 36
4 7 36
1 4 36
2 3 36
5 9 36
7 9 36
2 4 36
3 7 36
3 9 36
1 6 37
7 8 37
1 8 37
4 5 37
5 8 37
3 4 37
5 9 37
2 7 37
4 7 37
3 5 37
6 7 37
3 7 37
1 5 37
1 9 37
2 6 37
1 7 37
5 6 37
3 6 37
5 7 37
2 5 37
3 8 37
4 8 37
1 2 37
6 9 37
2 3 37
4 6 37
7 9 37
6 8 37
3 9 37
1 4 37
1 3 37
2 8 37
8 9 37
2 9 37
4 9 37
9 6 37
6 4 37
8 4 37
7 1 37
6 2 37
9 1 37
7 6 37
5 3 37
7 4 37
7 2 37
2 4 37
4 2 37
9 7 37
9 2 37
8 6 37
4 1 37
8 2 37
9 8 37
6 1 37
8 1 37
8 7 37
9 4 37
2 1 37
2 3 38
4 1 38
9 4 38
6 1 38
8 4 38
9 6 38
8 6 38
5 3 38
9 2 38
7 1 38
8 7 38
6 2 38
2 1 38
7 6 38
7 4 38
9 8 38
6 4 38
4 2 38
9 1 38
8 2 38
9 7 38
8 1 38
7 2 38
3 5 38
2 6 38
2 9 38
5 7 38
5 9 38
4 5 38
5 8 38
6 8 38
5 6 38
6 9 38
4 8 38
1 6 38
3 9 38
1 4 38
2 7 38
2 5 38
3 6 38
1 7 38
3 8 38
7 8 38
1 5 38
3 4 38
7 9 38
2 8 38
1 3 38
2 4 38
4 6 38
1 9 38
4 7 38
6 7 38
3 7 38
1 8 38
1 2 38
8 9 38
4 9 38
1 6 39
3 8 39
7 8 39
7 9 39
2 9 39
2 3 39
5 6 39
3 5 39
2 6 39
1 9 39
3 7 39
2 5 39
3 9 39
1 4 39
5 7 39
6 8 39
4 6 39
8 9 39
4 7 39
1 8 39
2 8 39
1 5 39
4 5 39
3 6 39
2 7 39
6 7 39
4 9 39
6 9 39
4 8 39
1 7 39
2 4 39
1 3 39
1 2 39
5 8 39
3 4 39
5 9 39
8 2 39
6 4 39
7 4 39
9 4 39
9 6 39
8 4 39
7 1 39
4 2 39
2 1 39
9 8 39
8 6 39
7 6 39
4 1 39
8 7 39
9 7 39
9 2 39
5 3 39
6 2 39
9 1 39
8 1 39
6 1 39
7 2 39
6 9 40
5 8 40
4 5 40
1 3 40
4 7 40
6 8 40
1 9 40
1 2 40
5 9 40
3 8 40
1 8 40
4 8 40
7 9 40
2 5 40
2 9 40
8 9 40
3 7 40
3 9 40
3 5 40
1 4 40
4 9 40
2 7 40
5 7 40
1 5 40
2 6 40
3 4 40
4 6 40
6 1 40
3 6 40
1 7 40
5 6 40
7 8 40
6 7 40
2 4 40
1 6 40
2 8 40
2 3 40
9 6 40
7 4 40
7 2 40
9 4 40
4 1 40
8 2 40
9 2 40
9 8 40
7 6 40
8 7 40
6 4 40
5 3 40
9 7 40
7 1 40
8 1 40
2 1 40
9 1 40
8 6 40
6 2 40
8 4 40
4 2 40
4 7 41
5 8 41
4 5 41
6 8 41
5 9 41
4 9 41
3 8 41
2 3 41
2 5 41
3 6 41
5 6 41
2 6 41
2 7 41
4 6 41
1 8 41
7 8 41
3 4 41
3 5 41
1 4 41
1 7 41
1 2 41
5 7 41
6 9 41
1 6 41
1 9 41
6 7 41
2 4 41
1 5 41
7 9 41
3 7 41
2 8 41
4 8 41
2 9 41
1 3 41
3 9 41
8 9 41
9 4 41
8 7 41
6 1 41
8 1 41
6 4 41
6 2 41
7 4 41
8 6 41
7 2 41
9 2 41
8 4 41
4 1 41
5 3 41
9 7 41
4 2 41
7 6 41
9 1 41
9 8 41
9 6 41
2 1 41
7 1 41
8 2 41
1 9 42
3 6 42
1 4 42
1 3 42
7 8 42
2 5 42
3 4 42
3 7 42
3 5 42
5 7 42
2 3 42
6 7 42
2 6 42
5 8 42
5 9 42
3 8 42
1 7 42
4 6 42
2 7 42
4 9 42
2 4 42
4 8 42
8 9 42
4 5 42
5 6 42
6 9 42
1 8 42
4 7 42
1 6 42
8 1 42
1 5 42
9 7 42
2 1 42
8 2 42
9 2 42
8 6 42
6 1 42
5 3 42
6 2 42
9 1 42
8 7 42
6 8 42
7 6 42
7 4 42
4 1 42
6 4 42
3 9 42
2 9 42
7 1 42
1 2 42
7 9 42
2 8 42
9 8 42
8 4 42
4 2 42
9 4 42
7 2 42
9 6 42
3 4 43
6 4 43
1 4 43
3 6 43
4 6 43
6 7 43
1 9 43
3 7 43
7 6 43
3 9 43
4 8 43
4 5 43
8 4 43
7 1 43
7 2 43
9 4 43
8 2 43
9 8 43
6 1 43
9 7 43
9 6 43
6 2 43
8 7 43
9 2 43
7 4 43
8 1 43
8 6 43
4 2 43
2 1 43
5 3 43
9 1 43
1 7 43
5 6 43
4 9 43
4 1 43
2 7 43
6 9 43
2 6 43
5 7 43
7 8 43
2 5 43
1 3 43
2 9 43
4 7 43
5 9 43
5 8 43
7 9 43
1 6 43
1 8 43
2 8 43
8 9 43
3 5 43
2 3 43
1 2 43
2 4 43
1 5 43
3 8 43
6 8 43
1 4 44
1 9 44
9 6 44
4 1 44
2 1 44
9 8 44
9 4 44
7 2 44
6 4 44
8 4 44
9 1 44
6 2 44
8 7 44
7 6 44
5 3 44
9 7 44
7 4 44
7 1 44
8 1 44
4 2 44
8 2 44
8 9 44
1 7 44
6 9 44
3 4 44
3 9 44
1 5 44
5 8 44
2 9 44
6 8 44
2 8 44
2 4 44
5 6 44
3 8 44
1 6 44
2 3 44
4 9 44
2 7 44
4 6 44
4 8 44
8 6 44
9 2 44
1 2 44
3 7 44
4 7 44
1 3 44
2 5 44
6 1 44
3 6 44
3 5 44
7 8 44
2 6 44
5 9 44
5 7 44
1 8 44
4 5 44
7 9 44
6 7 44
5 8 45
9 8 45
2 4 45
2 3 45
2 8 45
2 6 45
2 5 45
5 9 45
2 9 45
5 6 45
7 9 45
3 8 45
3 7 45
1 6 45
3 5 45
6 8 45
5 7 45
3 9 45
1 2 45
1 8 45
4 5 45
3 4 45
1 5 45
1 4 45
1 3 45
8 9 45
1 7 45
7 8 45
4 7 45
4 9 45
1 9 45
3 6 45
2 7 45
4 6 45
6 7 45
4 8 45
6 9 45
4 1 45
8 1 45
9 4 45
7 4 45
8 7 45
7 1 45
6 4 45
7 6 45
8 4 45
9 6 45
4 2 45
8 2 45
6 2 45
9 2 45
9 7 45
6 1 45
7 2 45
5 3 45
2 1 45
8 6 45
9 1 45
2 6 46
1 9 46
2 3 46
7 8 46
3 5 46
5 6 46
3 7 46
5 9 46
4 5 46
1 3 46
6 7 46
2 7 46
8 4 46
1 8 46
7 1 46
6 4 46
2 8 46
7 9 46
6 9 46
4 8 46
1 7 46
4 6 46
1 5 46
4 7 46
2 4 46
7 4 46
2 9 46
5 7 46
3 6 46
1 2 46
6 8 46
5 8 46
1 6 46
3 4 46
3 8 46
1 4 46
3 9 46
8 9 46
2 5 46
4 2 46
4 9 46
2 1 46
9 2 46
9 7 46
9 6 46
7 2 46
7 6 46
8 7 46
9 1 46
5 3 46
9 4 46
8 1 46
9 8 46
4 1 46
6 1 46
8 6 46
6 2 46
8 2 46
8 9 47
2 7 47
6 8 47
3 9 47
3 6 47
3 4 47
4 9 47
5 8 47
1 5 47
4 6 47
1 7 47
6 9 47
3 7 47
3 5 47
1 9 47
5 7 47
2 4 47
4 7 47
5 6 47
7 8 47
1 4 47
2 8 47
2 6 47
4 8 47
2 5 47
2 3 47
5 9 47
2 9 47
4 5 47
1 6 47
8 4 47
6 2 47
8 2 47
4 1 47
8 7 47
7 4 47
4 2 47
3 8 47
5 3 47
9 6 47
6 4 47
7 2 47
8 6 47
9 1 47
7 1 47
9 8 47
6 7 47
1 8 47
1 3 47
1 2 47
2 1 47
7 9 47
8 1 47
7 6 47
6 1 47
9 2 47
9 4 47
9 7 47
2 6 48
1 4 48
5 7 48
4 7 48
3 4 48
8 9 48
3 7 48
7 8 48
1 7 48
1 5 48
3 5 48
3 9 48
2 4 48
5 9 48
3 6 48
6 2 48
7 4 48
4 1 48
5 3 48
4 2 48
8 2 48
2 1 48
6 1 48
9 6 48
9 2 48
8 1 48
9 7 48
8 4 48
7 2 48
6 4 48
7 6 48
9 4 48
8 6 48
5 6 48
8 7 48
7 1 48
9 1 48
2 5 48
2 8 48
9 8 48
1 2 48
1 6 48
1 9 48
3 8 48
6 9 48
2 3 48
5 8 48
1 8 48
2 9 48
4 5 48
4 8 48
1 3 48
2 7 48
4 6 48
6 7 48
7 9 48
4 9 48
6 8 48
9 6 49
4 1 49
6 2 49
8 6 49
9 8 49
8 7 49
4 2 49
8 4 49
9 7 49
9 2 49
7 1 49
8 1 49
2 1 49
7 4 49
9 1 49
6 4 49
6 1 49
7 6 49
8 2 49
9 4 49
7 2 49
5 3 49
1 5 49
3 9 49
5 7 49
4 9 49
6 9 49
8 9 49
7 8 49
4 8 49
3 5 49
3 7 49
2 7 49
2 6 49
1 4 49
2 5 49
2 4 49
7 9 49
6 8 49
1 3 49
1 7 49
1 8 49
2 3 49
5 9 49
3 8 49
2 8 49
3 6 49
3 4 49
4 5 49
2 9 49
6 7 49
1 6 49
4 6 49
1 9 49
4 7 49
1 2 49
5 8 49
5 6 49
7 6 50
8 4 50
8 6 50
9 6 50
8 1 50
9 8 50
6 4 50
2 1 50
8 7 50
7 1 50
6 1 50
9 4 50
8 2 50
4 2 50
5 3 50
9 2 50
9 7 50
7 2 50
7 4 50
4 1 50
6 2 50
2 4 50
6 9 50
4 6 50
5 8 50
6 8 50
2 8 50
1 3 50
5 6 50
5 7 50
3 7 50
3 8 50
4 9 50
3 4 50
3 9 50
4 7 50
1 7 50
1 8 50
8 9 50
6 7 50
5 9 50
1 6 50
7 8 50
1 2 50
2 6 50
3 6 50
1 9 50
4 8 50
1 5 50
2 7 50
9 1 50
4 5 50
2 5 50
2 9 50
1 4 50
2 3 50
3 5 50
7 9 50
4 7 51
8 1 51
8 4 51
6 1 51
4 2 51
8 6 51
9 1 51
8 9 51
5 9 51
2 6 51
3 6 51
3 9 51
1 9 51
1 2 51
3 5 51
4 9 51
7 8 51
1 7 51
6 9 51
5 6 51
5 7 51
3 8 51
2 7 51
1 3 51
2 8 51
6 7 51
3 4 51
5 8 51
7 9 51
2 3 51
1 4 51
3 7 51
1 5 51
4 6 51
1 6 51
2 9 51
4 5 51
1 8 51
6 8 51
2 1 51
5 3 51
9 4 51
8 7 51
2 4 51
9 6 51
7 2 51
8 2 51
7 6 51
7 1 51
4 1 51
4 8 51
6 4 51
7 4 51
6 2 51
9 2 51
9 8 51
2 5 51
9 7 51
3 7 52
4 8 52
2 8 52
3 4 52
5 9 52
2 3 52
4 7 52
4 6 52
4 9 52
4 5 52
2 9 52
1 5 52
5 7 52
3 9 52
1 3 52
5 6 52
7 8 52
2 6 52
2 7 52
8 9 52
2 5 52
2 4 52
7 9 52
3 5 52
1 8 52
6 8 52
1 7 52
1 2 52
3 6 52
6 9 52
1 9 52
6 7 52
5 8 52
1 6 52
3 8 52
1 4 52
6 1 52
4 1 52
9 4 52
8 4 52
8 2 52
7 4 52
7 6 52
9 1 52
9 6 52
2 1 52
7 1 52
6 4 52
8 1 52
8 7 52
8 6 52
6 2 52
7 2 52
9 8 52
9 2 52
9 7 52
4 2 52
5 3 52
8 6 53
6 7 53
5 6 53
2 5 53
1 7 53
1 2 53
3 6 53
1 9 53
2 9 53
1 6 53
1 3 53
4 9 53
4 7 53
3 9 53
5 9 53
3 8 53
8 9 53
5 7 53
3 4 53
3 5 53
6 8 53
1 8 53
1 4 53
2 3 53
2 7 53
2 8 53
2 6 53
4 8 53
8 1 53
5 3 53
9 8 53
7 4 53
9 4 53
6 1 53
9 2 53
9 1 53
2 1 53
7 1 53
7 6 53
8 2 53
6 2 53
2 4 53
4 2 53
9 7 53
8 7 53
9 6 53
6 4 53
4 1 53
5 8 53
7 2 53
4 6 53
3 7 53
6 9 53
7 9 53
1 5 53
8 4 53
7 8 53
4 5 53
3 8 54
1 4 54
6 7 54
4 7 54
2 5 54
1 9 54
5 8 54
1 3 54
2 8 54
1 6 54
3 9 54
2 3 54
5 6 54
4 6 54
1 2 54
6 8 54
8 9 54
7 8 54
5 7 54
1 7 54
2 4 54
3 7 54
4 8 54
1 8 54
1 5 54
2 6 54
2 7 54
5 9 54
3 4 54
4 5 54
2 9 54
3 5 54
4 9 54
3 6 54
6 9 54
9 7 54
9 2 54
5 3 54
9 8 54
8 6 54
9 6 54
2 1 54
7 2 54
6 4 54
8 2 54
9 1 54
7 4 54
7 6 54
4 1 54
7 9 54
6 1 54
9 4 54
8 7 54
6 2 54
8 1 54
8 4 54
4 2 54
7 1 54
1 3 55
2 5 55
1 7 55
1 2 55
2 8 55
2 4 55
3 7 55
2 6 55
1 9 55
2 9 55
1 4 55
7 9 55
2 3 55
5 6 55
7 8 55
3 5 55
5 7 55
5 8 55
4 8 55
1 8 55
2 7 55
4 2 55
5 9 55
6 2 55
9 7 55
5 3 55
8 7 55
6 1 55
9 2 55
4 1 55
8 1 55
9 1 55
4 7 55
8 2 55
8 9 55
3 4 55
3 9 55
1 5 55
6 9 55
4 6 55
6 7 55
6 8 55
4 5 55
3 6 55
3 8 55
1 6 55
9 8 55
2 1 55
7 1 55
8 4 55
7 2 55
7 4 55
8 6 55
7 6 55
6 4 55
9 6 55
4 6 56
4 5 56
4 7 56
1 5 56
2 7 56
2 6 56
3 7 56
6 8 56
2 5 56
2 4 56
3 9 56
3 4 56
2 8 56
3 8 56
3 6 56
5 6 56
7 8 56
1 9 56
6 9 56
5 9 56
5 7 56
7 9 56
1 8 56
5 8 56
4 8 56
1 6 56
1 4 56
1 7 56
1 3 56
1 2 56
8 7 56
4 1 56
6 1 56
8 4 56
8 1 56
9 7 56
9 1 56
6 7 56
7 1 56
6 4 56
7 4 56
7 2 56
8 2 56
6 2 56
4 2 56
9 6 56
2 1 56
7 6 56
9 2 56
5 3 56
9 8 56
8 6 56
8 9 56
3 5 56
2 3 56
2 9 56
2 1 57
7 1 57
9 6 57
5 3 57
9 8 57
8 1 57
6 1 57
7 4 57
6 2 57
9 1 57
1 4 57
9 7 57
8 7 57
8 2 57
7 2 57
2 5 57
4 2 57
8 4 57
1 2 57
2 3 57
3 7 57
1 7 57
1 5 57
5 6 57
3 9 57
8 9 57
1 8 57
3 4 57
1 6 57
2 7 57
4 8 57
2 4 57
6 8 57
6 7 57
2 9 57
1 3 57
4 6 57
6 9 57
2 8 57
3 5 57
5 9 57
6 4 57
4 1 57
8 6 57
4 7 57
9 2 57
7 9 57
7 8 57
1 9 57
4 5 57
5 8 57
3 6 57
2 6 57
3 8 57
5 7 57
7 6 57
6 4 58
9 2 58
9 6 58
9 8 58
8 7 58
6 1 58
6 2 58
8 4 58
8 2 58
7 2 58
8 6 58
3 6 58
8 1 58
6 7 58
3 7 58
2 5 58
1 8 58
2 4 58
6 8 58
2 8 58
5 9 58
5 6 58
4 6 58
2 9 58
6 9 58
8 9 58
1 9 58
7 9 58
3 5 58
4 8 58
2 6 58
5 7 58
1 3 58
1 5 58
7 8 58
3 4 58
1 6 58
4 5 58
2 7 58
2 3 58
5 8 58
3 9 58
4 2 58
5 3 58
1 2 58
7 6 58
9 1 58
4 1 58
2 1 58
7 1 58
7 4 58
1 4 58
9 7 58
1 7 58
4 7 58
3 8 58
9 7 59
9 2 59
9 8 59
4 1 59
6 4 59
8 4 59
5 3 59
8 2 59
7 2 59
4 2 59
7 1 59
9 6 59
9 1 59
8 7 59
6 2 59
7 4 59
2 1 59
8 1 59
7 6 59
6 1 59
8 6 59
7 9 59
4 6 59
3 9 59
2 6 59
1 3 59
7 8 59
6 8 59
6 9 59
4 7 59
1 7 59
3 4 59
1 5 59
2 7 59
2 8 59
3 5 59
4 8 59
3 7 59
5 6 59
2 4 59
1 2 59
3 8 59
2 9 59
5 7 59
8 9 59
4 5 59
1 4 59
1 9 59
2 5 59
2 3 59
1 6 59
3 6 59
6 7 59
1 8 59
5 9 59
5 8 59
8 6 60
6 2 60
9 7 60
4 2 60
7 1 60
8 2 60
9 1 60
8 7 60
9 2 60
5 3 60
2 1 60
6 1 60
4 1 60
8 4 60
9 6 60
7 2 60
9 8 60
6 4 60
7 6 60
8 1 60
7 4 60
6 7 60
3 5 60
1 8 60
3 8 60
1 2 60
2 3 60
1 4 60
1 3 60
3 4 60
4 8 60
6 9 60
2 7 60
8 9 60
4 6 60
2 5 60
4 7 60
1 5 60
5 6 60
1 6 60
3 9 60
5 9 60
2 6 60
3 6 60
3 7 60
2 4 60
5 8 60
1 7 60
7 9 60
4 5 60
1 9 60
7 8 60
6 8 60
5 7 60
2 8 60
2 9 60
8 4 61
8 7 61
8 2 61
8 6 61
9 2 61
1 5 61
6 8 61
2 8 61
9 1 61
7 8 61
2 9 61
8 1 61
3 9 61
9 7 61
7 4 61
6 1 61
4 1 61
6 2 61
9 8 61
6 4 61
4 2 61
7 2 61
7 1 61
2 1 61
3 5 61
7 6 61
6 9 61
2 3 61
1 7 61
3 6 61
4 8 61
1 9 61
1 3 61
1 8 61
5 7 61
6 7 61
7 9 61
3 8 61
5 9 61
2 5 61
4 5 61
4 7 61
9 6 61
1 6 61
1 4 61
5 8 61
2 7 61
3 4 61
5 6 61
2 4 61
3 7 61
4 6 61
1 2 61
5 3 61
8 9 61
2 6 61
4 2 62
8 1 62
6 4 62
8 6 62
8 4 62
9 2 62
1 7 62
1 5 62
1 9 62
2 6 62
5 7 62
3 5 62
1 4 62
6 7 62
5 6 62
7 4 62
2 5 62
7 2 62
2 9 62
7 1 62
8 2 62
1 2 62
5 8 62
5 9 62
2 8 62
2 7 62
3 4 62
4 7 62
4 8 62
2 4 62
3 9 62
2 3 62
1 8 62
4 6 62
6 8 62
7 9 62
1 3 62
4 5 62
3 6 62
2 1 62
9 7 62
9 6 62
8 7 62
6 1 62
9 8 62
6 9 62
6 2 62
9 1 62
4 1 62
7 6 62
3 8 62
8 9 62
1 6 62
7 8 62
3 7 62
5 3 62
4 7 63
3 9 63
6 7 63
2 7 63
2 5 63
1 7 63
2 3 63
1 9 63
6 9 63
7 9 63
3 4 63
5 6 63
1 3 63
2 9 63
3 5 63
5 9 63
2 4 63
3 7 63
4 8 63
6 8 63
9 7 63
9 6 63
4 2 63
7 1 63
7 2 63
7 6 63
2 1 63
8 6 63
4 1 63
6 2 63
8 4 63
6 4 63
9 1 63
8 1 63
6 1 63
9 8 63
8 7 63
8 2 63
1 2 63
9 2 63
5 3 63
7 4 63
4 6 63
2 6 63
1 5 63
4 5 63
1 8 63
3 8 63
5 7 63
1 6 63
5 8 63
3 6 63
7 8 63
8 9 63
1 4 63
2 8 63
2 9 64
6 9 64
1 7 64
3 7 64
2 3 64
2 7 64
1 3 64
3 5 64
3 4 64
7 2 64
7 1 64
8 9 64
4 8 64
3 8 64
1 4 64
4 7 64
5 6 64
9 6 64
3 6 64
2 5 64
5 8 64
1 8 64
1 9 64
4 6 64
1 5 64
1 6 64
5 3 64
7 9 64
9 8 64
8 1 64
7 4 64
9 7 64
8 6 64
4 2 64
8 2 64
2 1 64
9 2 64
6 2 64
8 7 64
6 8 64
2 4 64
4 5 64
2 8 64
1 2 64
5 7 64
6 7 64
2 6 64
7 8 64
3 9 64
5 9 64
9 1 64
4 1 64
7 6 64
6 1 64
8 4 64
6 4 64
1 8 65
2 4 65
4 5 65
1 5 65
2 8 65
5 7 65
3 9 65
2 6 65
6 8 65
4 6 65
7 8 65
1 2 65
1 7 65
3 7 65
5 9 65
5 6 65
2 9 65
6 9 65
7 9 65
2 3 65
4 7 65
3 4 65
2 5 65
1 3 65
5 8 65
3 5 65
1 4 65
3 6 65
8 4 65
2 7 65
1 6 65
1 9 65
6 7 65
8 9 65
4 8 65
7 4 65
9 7 65
9 6 65
9 2 65
5 3 65
7 1 65
2 1 65
8 7 65
6 4 65
8 6 65
6 2 65
8 2 65
4 2 65
8 1 65
7 2 65
6 1 65
9 1 65
7 6 65
9 8 65
3 8 65
4 1 65
8 9 66
7 1 66
7 9 66
3 6 66
6 7 66
4 7 66
5 8 66
4 6 66
2 5 66
5 9 66
6 8 66
3 9 66
1 2 66
1 3 66
3 7 66
2 7 66
2 3 66
3 5 66
2 4 66
7 8 66
2 6 66
3 4 66
1 8 66
1 6 66
4 8 66
2 8 66
5 6 66
9 2 66
1 5 66
1 9 66
4 1 66
9 1 66
9 7 66
7 6 66
7 4 66
6 4 66
8 6 66
2 1 66
7 2 66
9 6 66
5 3 66
4 5 66
4 2 66
6 2 66
8 1 66
6 1 66
8 4 66
8 2 66
9 8 66
3 8 66
5 7 66
2 9 66
1 7 66
1 4 66
8 7 66
6 9 66
5 9 67
4 2 67
3 5 67
1 6 67
5 6 67
3 6 67
2 6 67
5 8 67
2 3 67
4 5 67
6 8 67
4 7 67
5 7 67
2 8 67
7 8 67
2 5 67
1 2 67
2 4 67
4 6 67
1 4 67
6 7 67
2 7 67
3 9 67
4 8 67
3 8 67
3 7 67
2 9 67
1 3 67
6 9 67
1 5 67
1 7 67
1 8 67
3 4 67
7 9 67
1 9 67
9 8 67
8 9 67
7 4 67
8 7 67
8 2 67
8 6 67
2 1 67
6 2 67
6 1 67
6 4 67
9 2 67
5 3 67
9 7 67
8 1 67
7 1 67
9 6 67
9 1 67
8 4 67
7 2 67
7 6 67
4 1 67
6 8 68
7 8 68
2 6 68
1 5 68
3 6 68
4 5 68
1 8 68
4 2 68
4 8 68
3 8 68
1 6 68
4 6 68
3 5 68
8 9 68
5 7 68
7 9 68
8 6 68
3 4 68
4 1 68
8 2 68
5 3 68
6 4 68
6 1 68
8 4 68
8 1 68
2 8 68
6 2 68
8 7 68
9 8 68
9 7 68
9 2 68
2 9 68
2 5 68
1 4 68
3 7 68
7 6 68
7 2 68
7 1 68
2 1 68
9 6 68
1 9 68
1 2 68
5 8 68
6 9 68
9 1 68
6 7 68
3 9 68
2 7 68
5 6 68
2 3 68
5 9 68
1 3 68
2 4 68
1 7 68
4 5 69
6 7 69
3 5 69
1 3 69
3 9 69
6 8 69
1 4 69
2 3 69
1 9 69
3 6 69
5 9 69
1 8 69
3 8 69
7 9 69
3 7 69
2 4 69
4 8 69
2 7 69
1 6 69
1 7 69
6 9 69
2 8 69
3 4 69
4 6 69
8 9 69
1 5 69
5 8 69
2 6 69
7 8 69
2 5 69
1 2 69
2 9 69
5 7 69
5 6 69
8 6 69
9 1 69
4 2 69
4 1 69
8 1 69
5 3 69
7 6 69
2 1 69
6 2 69
9 7 69
9 8 69
8 7 69
6 4 69
8 2 69
9 6 69
7 1 69
6 1 69
7 2 69
8 4 69
9 2 69
2 6 70
5 6 70
5 7 70
1 4 70
1 2 70
2 5 70
1 3 70
2 9 70
6 7 70
7 9 70
1 6 70
1 8 70
5 8 70
1 5 70
3 9 70
3 7 70
3 5 70
4 8 70
6 9 70
6 8 70
1 9 70
5 9 70
2 8 70
2 3 70
1 7 70
6 1 70
3 6 70
3 8 70
4 6 70
8 9 70
2 7 70
9 8 70
6 4 70
8 6 70
7 2 70
7 1 70
9 6 70
2 1 70
3 4 70
9 2 70
4 1 70
6 2 70
7 6 70
2 4 70
5 3 70
8 4 70
8 1 70
9 1 70
8 2 70
4 2 70
8 7 70
9 7 70
7 8 70
4 5 70
1 2 71
6 9 71
2 9 71
1 8 71
3 4 71
8 1 71
9 2 71
9 6 71
7 2 71
2 1 71
5 3 71
6 1 71
2 7 71
6 2 71
7 6 71
8 7 71
7 1 71
8 6 71
8 4 71
9 7 71
4 2 71
6 4 71
8 2 71
9 8 71
4 1 71
9 1 71
1 4 71
1 3 71
8 9 71
3 7 71
5 9 71
2 4 71
5 7 71
7 9 71
4 8 71
2 3 71
3 8 71
1 7 71
5 8 71
7 8 71
4 5 71
6 7 71
1 9 71
3 9 71
2 6 71
1 6 71
2 5 71
3 5 71
5 6 71
4 6 71
6 8 71
2 8 71
1 5 71
3 6 71
5 7 72
1 7 72
4 5 72
2 3 72
7 8 72
5 6 72
2 6 72
3 8 72
2 8 72
1 6 72
1 3 72
2 7 72
3 6 72
5 8 72
5 9 72
2 4 72
2 5 72
2 9 72
8 9 72
1 8 72
6 8 72
1 4 72
4 8 72
3 4 72
1 2 72
3 9 72
1 9 72
3 5 72
4 6 72
6 9 72
6 7 72
3 7 72
7 2 72
8 4 72
4 1 72
8 6 72
8 1 72
9 8 72
9 2 72
7 6 72
2 1 72
6 4 72
7 9 72
9 6 72
6 1 72
6 2 72
8 7 72
8 2 72
1 5 72
5 3 72
9 1 72
9 7 72
4 2 72
7 1 72
4 5 73
2 3 73
5 7 73
4 8 73
1 5 73
4 7 73
5 8 73
7 9 73
3 5 73
7 8 73
1 6 73
5 9 73
4 6 73
1 7 73
3 8 73
3 7 73
2 9 73
2 8 73
6 7 73
2 5 73
6 8 73
2 6 73
1 2 73
8 9 73
1 8 73
2 7 73
3 4 73
2 4 73
3 6 73
6 9 73
1 3 73
1 4 73
5 6 73
1 9 73
8 2 73
7 6 73
8 6 73
6 2 73
2 1 73
8 1 73
4 1 73
7 2 73
4 2 73
9 6 73
9 2 73
3 9 73
6 1 73
9 1 73
6 4 73
8 7 73
5 3 73
9 8 73
7 1 73
7 4 73
8 4 73
9 7 73
1 4 74
1 8 74
4 5 74
5 9 74
4 8 74
5 7 74
2 9 74
2 5 74
4 6 74
8 9 74
5 8 74
4 9 74
7 9 74
3 8 74
3 4 74
3 7 74
1 3 74
3 6 74
2 6 74
1 5 74
1 7 74
1 9 74
7 8 74
1 6 74
6 7 74
2 8 74
3 9 74
1 2 74
7 2 74
2 1 74
4 2 74
8 2 74
4 1 74
8 4 74
9 2 74
6 4 74
9 8 74
8 1 74
7 6 74
9 7 74
9 4 74
6 2 74
7 1 74
9 1 74
8 7 74
4 7 74
7 4 74
5 6 74
6 9 74
6 8 74
3 5 74
2 3 74
2 7 74
2 4 74
6 1 74
5 3 74
8 6 74
9 6 74
1 8 75
4 9 75
5 8 75
2 5 75
4 6 75
1 6 75
6 7 75
3 9 75
5 9 75
7 8 75
5 6 75
1 4 75
2 4 75
3 5 75
3 8 75
2 6 75
1 5 75
2 3 75
2 8 75
7 9 75
5 7 75
3 4 75
4 5 75
6 9 75
1 7 75
4 7 75
1 3 75
6 8 75
1 2 75
1 9 75
3 6 75
2 9 75
2 7 75
8 9 75
3 7 75
4 8 75
7 1 75
9 7 75
8 2 75
8 1 75
6 4 75
7 4 75
6 1 75
8 7 75
4 1 75
4 2 75
9 8 75
7 2 75
8 4 75
7 6 75
8 6 75
9 2 75
9 1 75
9 6 75
9 4 75
5 3 75
6 2 75
2 1 75
7 4 76
1 2 76
7 8 76
4 7 76
4 5 76
1 3 76
2 6 76
1 8 76
1 4 76
6 8 76
8 9 76
1 7 76
5 7 76
3 4 76
5 9 76
2 8 76
3 6 76
3 9 76
8 7 76
1 9 76
7 6 76
8 4 76
9 2 76
4 2 76
7 1 76
9 8 76
4 1 76
8 6 76
6 2 76
5 8 76
3 8 76
4 6 76
1 6 76
7 9 76
2 7 76
3 5 76
1 5 76
4 9 76
3 7 76
6 9 76
5 6 76
2 4 76
6 4 76
6 1 76
9 7 76
7 2 76
5 3 76
9 1 76
9 4 76
8 2 76
9 6 76
2 1 76
6 7 76
4 8 76
2 9 76
2 3 76
8 1 76
2 5 76
7 2 77
4 2 77
7 1 77
8 6 77
5 3 77
7 6 77
8 4 77
9 6 77
9 8 77
6 4 77
9 4 77
9 2 77
9 1 77
8 1 77
4 1 77
6 2 77
2 1 77
8 2 77
7 4 77
6 1 77
8 7 77
9 7 77
1 3 77
4 6 77
4 9 77
5 8 77
5 6 77
4 7 77
4 5 77
2 8 77
3 7 77
5 9 77
2 3 77
1 2 77
3 9 77
2 6 77
1 4 77
3 6 77
1 8 77
7 8 77
1 9 77
1 5 77
2 9 77
7 9 77
6 7 77
2 7 77
2 5 77
2 4 77
5 7 77
8 9 77
1 7 77
6 8 77
3 5 77
1 6 77
4 8 77
3 8 77
6 9 77
3 4 77
6 4 78
9 6 78
7 2 78
9 7 78
9 1 78
6 2 78
9 2 78
2 1 78
2 9 78
9 4 78
5 3 78
8 7 78
7 4 78
4 1 78
8 2 78
7 6 78
7 1 78
8 1 78
9 8 78
1 2 78
7 9 78
8 6 78
6 1 78
1 3 78
4 2 78
3 7 78
2 4 78
4 8 78
1 6 78
8 9 78
1 8 78
1 7 78
6 7 78
2 8 78
3 8 78
1 4 78
3 5 78
4 7 78
7 8 78
5 8 78
5 7 78
5 6 78
2 3 78
3 9 78
1 5 78
1 9 78
2 7 78
3 4 78
8 4 78
6 9 78
5 9 78
4 9 78
6 8 78
3 6 78
4 5 78
2 5 78
4 6 78
2 6 78
3 7 79
7 9 79
1 6 79
2 5 79
6 1 79
5 3 79
7 4 79
8 7 79
8 4 79
7 2 79
9 6 79
2 1 79
9 8 79
3 5 79
6 2 79
7 1 79
8 2 79
9 4 79
7 6 79
4 2 79
9 2 79
6 4 79
8 1 79
4 1 79
9 1 79
9 7 79
8 6 79
4 7 79
4 6 79
4 8 79
1 8 79
5 8 79
5 7 79
2 9 79
2 4 79
6 7 79
6 9 79
1 5 79
3 8 79
4 9 79
2 8 79
5 9 79
1 7 79
6 8 79
2 6 79
3 9 79
8 9 79
4 5 79
2 3 79
1 2 79
7 8 79
1 4 79
1 3 79
1 9 79
2 7 79
5 6 79
1 5 80
1 9 80
6 9 80
8 9 80
1 8 80
2 5 80
6 7 80
5 7 80
1 3 80
2 6 80
1 2 80
3 5 80
1 7 80
4 9 80
4 5 80
2 8 80
7 8 80
5 8 80
9 1 80
9 6 80
9 7 80
6 4 80
7 2 80
6 1 80
7 4 80
4 1 80
8 6 80
4 2 80
2 4 80
8 2 80
7 1 80
5 3 80
2 1 80
6 2 80
8 7 80
7 6 80
8 1 80
9 8 80
9 4 80
6 8 80
5 6 80
8 4 80
4 7 80
1 6 80
2 7 80
4 6 80
7 9 80
2 9 80
3 8 80
4 8 80
1 4 80
9 2 80
5 9 80
1 5 81
4 2 81
8 1 81
6 1 81
6 2 81
2 1 81
8 4 81
8 2 81
7 6 81
4 1 81
9 8 81
7 4 81
6 4 81
9 7 81
9 2 81
7 1 81
9 1 81
5 3 81
9 4 81
8 7 81
8 6 81
9 6 81
7 2 81
2 4 81
4 8 81
1 8 81
1 6 81
2 8 81
6 7 81
1 4 81
5 8 81
8 9 81
4 7 81
2 5 81
4 6 81
7 9 81
2 9 81
1 7 81
1 3 81
1 9 81
4 9 81
7 8 81
5 9 81
4 5 81
6 8 81
3 8 81
6 9 81
5 7 81
1 2 81
2 6 81
3 5 81
2 7 81
8 4 82
6 2 82
7 6 82
1 2 82
1 6 82
1 5 82
2 9 82
2 8 82
8 9 82
6 8 82
2 4 82
1 9 82
7 8 82
7 9 82
5 8 82
1 8 82
6 9 82
4 6 82
4 9 82
6 7 82
1 7 82
1 4 82
3 5 82
2 7 82
2 6 82
9 4 82
6 4 82
9 6 82
8 1 82
9 7 82
4 1 82
8 7 82
7 4 82
4 2 82
8 6 82
9 8 82
8 2 82
9 2 82
6 1 82
2 1 82
9 1 82
5 3 82
7 2 82
4 8 82
7 1 82
4 7 82
6 4 83
8 7 83
7 8 83
6 7 83
4 7 83
2 8 83
6 8 83
1 5 83
3 5 83
2 6 83
2 9 83
1 4 83
1 7 83
4 8 83
1 2 83
2 7 83
1 8 83
7 9 83
1 9 83
5 8 83
8 9 83
6 9 83
4 9 83
1 6 83
4 6 83
2 4 83
7 4 83
9 8 83
9 1 83
9 7 83
8 1 83
7 2 83
2 1 83
8 4 83
9 6 83
7 1 83
9 2 83
4 2 83
6 2 83
5 3 83
8 6 83
8 2 83
7 6 83
4 1 83
9 4 83
6 1 83
1 6 84
8 2 84
5 3 84
6 1 84
2 1 84
9 4 84
9 6 84
9 2 84
4 1 84
9 1 84
7 2 84
7 1 84
8 1 84
6 4 84
7 6 84
6 2 84
9 7 84
8 4 84
8 6 84
4 2 84
4 8 84
6 8 84
7 8 84
7 9 84
5 8 84
2 6 84
6 7 84
4 6 84
1 8 84
1 7 84
2 4 84
2 7 84
1 4 84
2 9 84
6 9 84
4 9 84
1 2 84
3 5 84
1 9 84
8 9 84
2 8 84
4 7 84
8 7 84
7 4 84
9 8 84
1 4 85
7 6 85
9 6 85
8 2 85
9 8 85
4 1 85
2 1 85
8 7 85
8 1 85
7 4 85
4 2 85
7 2 85
8 6 85
7 1 85
8 4 85
9 1 85
6 2 85
9 2 85
4 6 85
6 1 85
7 9 85
4 9 85
3 5 85
1 6 85
2 9 85
2 6 85
4 8 85
1 7 85
6 8 85
2 7 85
2 4 85
4 7 85
1 8 85
7 8 85
1 2 85
8 9 85
2 8 85
6 9 85
6 7 85
1 9 85
5 3 85
9 4 85
9 7 85
6 4 85
1 4 86
1 9 86
7 9 86
2 9 86
1 6 86
6 7 86
4 6 86
1 7 86
2 6 86
7 2 86
1 2 86
6 8 86
6 9 86
2 8 86
2 4 86
4 9 86
4 7 86
8 9 86
2 7 86
4 8 86
3 5 86
1 8 86
7 4 86
9 4 86
4 2 86
8 2 86
9 6 86
8 6 86
2 1 86
8 4 86
9 8 86
5 3 86
6 4 86
8 1 86
7 6 86
6 1 86
9 2 86
9 7 86
6 2 86
7 1 86
4 1 86
9 1 86
7 9 87
6 7 87
1 7 87
2 9 87
4 9 87
4 6 87
4 7 87
2 4 87
2 8 87
2 7 87
1 9 87
6 8 87
3 5 87
1 4 87
1 2 87
6 9 87
2 6 87
9 8 87
1 8 87
8 9 87
4 8 87
1 6 87
6 1 87
2 1 87
8 4 87
9 6 87
7 6 87
7 1 87
8 1 87
9 2 87
9 4 87
6 4 87
9 7 87
4 2 87
7 4 87
4 1 87
5 3 87
8 6 87
6 2 87
7 2 87
8 2 87
9 1 87
7 9 88
2 7 88
6 8 88
4 8 88
6 9 88
2 8 88
4 9 88
9 8 88
6 7 88
4 7 88
2 9 88
2 6 88
4 6 88
1 4 88
3 5 88
1 7 88
1 9 88
8 9 88
1 8 88
2 4 88
9 1 88
9 7 88
2 1 88
8 6 88
8 4 88
4 2 88
9 6 88
8 2 88
9 4 88
7 2 88
7 6 88
8 1 88
7 1 88
5 3 88
4 1 88
1 2 88
6 2 88
9 2 88
7 4 88
6 4 88
2 6 89
4 7 89
1 9 89
4 8 89
3 5 89
8 9 89
2 4 89
2 8 89
6 8 89
2 9 89
7 9 89
4 9 89
2 7 89
6 9 89
6 7 89
4 6 89
9 2 89
5 3 89
8 4 89
9 1 89
7 4 89
6 2 89
7 2 89
4 2 89
8 2 89
8 6 89
7 6 89
6 4 89
9 7 89
9 8 89
9 4 89
9 6 89
4 7 90
2 7 90
3 5 90
6 7 90
2 9 90
2 4 90
6 8 90
4 6 90
7 9 90
4 8 90
4 9 90
6 9 90
2 8 90
2 6 90
7 4 90
8 2 90
9 6 90
9 4 90
8 4 90
9 7 90
6 2 90
6 4 90
8 6 90
4 2 90
9 2 90
7 6 90
5 3 90
7 2 90
6 7 91
4 9 91
3 5 91
2 6 91
2 8 91
6 8 91
6 9 91
2 9 91
4 8 91
7 9 91
2 7 91
7 2 91
9 6 91
9 2 91
8 4 91
9 4 91
6 2 91
4 2 91
6 4 91
8 6 91
8 2 91
9 7 91
4 6 91
5 3 91
2 4 91
7 6 91
5 3 92
2 7 92
2 4 92
6 7 92
3 5 92
4 8 92
6 8 92
4 6 92
7 9 92
2 6 92
4 9 92
6 9 92
8 4 92
2 8 92
7 6 92
2 9 92
7 2 92
8 2 92
9 6 92
9 4 92
9 2 92
8 6 92
6 4 92
4 2 92
6 2 92
9 7 92
5 3 93
6 2 93
6 4 93
9 7 93
9 6 93
7 6 93
8 2 93
8 4 93
8 6 93
6 9 93
9 4 93
4 2 93
4 6 93
2 6 93
4 8 93
3 5 93
2 8 93
2 9 93
2 4 93
4 9 93
7 9 93
6 8 93
9 2 93
6 7 93
9 7 94
6 9 94
6 7 94
9 6 94
7 6 94
6 2 94
9 4 94
8 2 94
8 4 94
9 2 94
4 2 94
6 4 94
2 6 94
4 9 94
2 8 94
4 8 94
7 9 94
3 5 94
2 9 94
2 4 94
4 6 94
5 3 94
6 4 95
4 2 95
9 6 95
9 2 95
8 4 95
9 7 95
7 6 95
8 2 95
6 2 95
5 3 95
3 5 95
7 9 95
6 7 95
2 8 95
2 6 95
2 9 95
6 9 95
2 4 95
4 6 95
4 8 95
4 2 96
8 2 96
9 2 96
6 2 96
9 6 96
5 3 96
4 6 96
9 7 96
7 9 96
2 6 96
3 5 96
6 4 96
2 4 96
6 9 96
2 8 96
2 9 96
2 6 97
6 2 97
6 4 97
5 3 97
9 2 97
9 6 97
9 7 97
4 2 97
2 4 97
7 9 97
4 6 97
3 5 97
6 9 97
2 9 97
7 9 98
3 5 98
4 6 98
6 7 98
2 4 98
6 9 98
2 9 98
2 6 98
6 4 98
7 6 98
9 7 98
5 3 98
9 2 98
4 2 98
6 2 98
9 6 98
7 9 99
9 2 99
6 2 99
2 9 99
2 6 99
6 9 99
4 6 99
9 6 99
7 6 99
4 2 99
9 7 99
2 4 99
5 3 99
3 5 99
6 7 99
6 4 99
6 7 100
6 9 100
7 9 100
6 2 100
2 9 100
4 6 100
9 6 100
7 6 100
9 7 100
4 2 100
9 2 100
6 4 100
5 3 100
3 5 100
2 6 100
2 4 100
7 6 101
4 2 101
6 4 101
6 2 101
9 7 101
9 6 101
2 6 101
7 9 101
3 5 101
4 6 101
2 4 101
6 7 101
6 9 101
2 9 101
5 3 101
9 2 101
9 7 102
4 2 102
6 7 102
2 9 102
9 6 102
7 9 102
2 6 102
2 4 102
6 9 102
3 5 102
7 6 102
9 2 102
5 3 102
6 2 102
9 2 103
6 7 103
6 9 103
2 6 103
2 9 103
9 7 103
7 2 103
3 5 103
2 4 103
4 2 103
5 3 103
7 9 103
2 7 103
6 2 103
7 6 103
9 6 103
7 9 104
6 7 104
2 6 104
6 9 104
2 7 104
7 2 104
9 6 104
6 2 104
9 2 104
5 3 104
9 7 104
7 6 104
3 5 104
2 9 104
7 2 105
9 6 105
6 2 105
9 2 105
7 6 105
5 3 105
7 9 105
9 7 105
6 7 105
3 5 105
2 6 105
2 9 105
2 7 105
6 9 105
2 6 106
6 7 106
6 9 106
2 7 106
7 2 106
9 7 106
9 6 106
9 2 106
5 3 106
6 2 106
7 6 106
3 5 106
7 9 106
2 9 106
9 2 107
7 6 107
9 7 107
5 3 107
9 6 107
6 2 107
7 2 107
2 7 107
6 9 107
3 5 107
2 9 107
7 9 107
6 7 107
2 6 107
2 6 108
9 7 108
9 6 108
7 6 108
9 2 108
7 2 108
6 2 108
3 5 108
5 3 108
6 7 108
7 9 108
6 9 108
2 7 108
2 9 108
9 2 109
5 3 109
7 2 109
7 6 109
9 7 109
2 7 109
6 2 109
7 9 109
2 6 109
2 9 109
3 5 109
6 7 109
9 6 109
6 9 109
6 2 110
9 7 110
7 6 110
5 3 110
9 2 110
9 6 110
6 9 110
2 6 110
3 5 110
6 7 110
7 9 110
2 9 110
6 9 111
6 7 111
2 9 111
9 2 111
2 6 111
7 9 111
7 6 111
3 5 111
6 2 111
9 7 111
5 3 111
9 6 111
7 9 112
2 9 112
3 5 112
2 6 112
6 9 112
7 6 112
6 7 112
9 2 112
5 3 112
6 2 112
9 6 112
9 7 112
9 2 113
6 2 113
7 6 113
9 6 113
5 3 113
2 9 113
2 6 113
3 5 113
7 9 113
6 9 113
6 7 113
9 7 113
6 2 114
9 7 114
5 3 114
6 9 114
7 6 114
2 6 114
7 9 114
3 5 114
6 7 114
9 6 114
6 9 115
7 9 115
3 5 115
5 3 115
9 7 115
9 6 115
6 7 115
7 6 115
6 7 116
7 6 116
9 7 116
6 9 116
9 6 116
7 9 116
3 5 116
5 3 116
6 7 117
3 5 117
6 9 117
7 9 117
9 7 117
9 6 117
5 3 117
7 6 117
9 7 118
5 3 118
6 7 118
3 5 118
6 9 118
7 9 118
9 6 118
7 6 118
6 7 119
3 5 119
6 9 119
9 7 119
5 3 119
7 9 119
7 6 119
9 6 119
6 7 120
7 6 120
5 3 120
7 9 120
6 9 120
9 6 120
3 5 120
9 7 120
3 5 121
6 7 121
9 7 121
5 3 121
7 6 121
9 6 121
6 9 121
7 9 121
9 7 122
5 3 122
6 9 122
9 6 122
7 6 122
6 7 122
3 5 122
7 9 122
3 5 123
7 6 123
9 6 123
9 7 123
5 3 123
6 7 123
7 9 123
6 9 123
6 7 124
9 7 124
7 6 124
9 6 124
5 3 124
7 9 124
6 9 124
3 5 124
7 6 125
9 6 125
9 7 125
3 5 125
7 9 125
6 9 125
5 3 125
6 7 125
6 7 126
3 5 126
7 9 126
9 6 126
9 7 126
6 9 126
5 3 126
7 6 126
5 3 127
9 7 127
6 7 127
6 9 127
7 9 127
7 6 127
3 5 127
9 6 127
7 9 128
5 3 128
9 6 128
9 7 128
7 6 128
6 7 128
6 9 128
3 5 128
7 9 129
6 9 129
6 7 129
3 5 129
5 3 129
7 6 129
9 7 129
9 6 129
7 6 130
5 3 130
9 6 130
9 7 130
7 9 130
6 9 130
3 5 130
6 7 130
3 5 131
7 9 131
6 9 131
6 7 131
5 3 131
7 6 131
9 7 131
9 6 131
3 5 132
7 6 132
6 9 132
6 7 132
9 6 132
7 9 132
5 3 132
9 7 132
6 7 133
6 9 133
7 6 133
7 9 133
5 3 133
9 6 133
3 5 133
9 7 133
7 6 134
5 3 134
9 6 134
9 7 134
6 9 134
3 5 134
7 9 134
6 7 134
3 5 135
5 3 135
9 6 135
9 7 135
7 6 135
6 7 135
7 9 135
6 9 135
3 5 136
7 9 136
6 7 136
6 9 136
9 6 136
9 7 136
5 3 136
7 6 136
6 7 137
6 9 137
7 9 137
3 5 137
5 3 137
9 7 137
7 6 137
9 6 137
9 6 138
9 7 138
6 9 138
6 7 138
7 9 138
5 3 138
3 5 138
7 6 138
6 4 139
6 9 139
3 5 139
5 3 139
7 6 139
9 7 139
9 6 139
7 9 139
4 6 139
6 7 139
4 6 140
9 6 140
9 7 140
7 6 140
6 4 140
4 9 140
5 3 140
9 4 140
6 7 140
6 9 140
7 9 140
3 5 140
3 5 141
5 3 141
6 4 141
9 4 141
9 7 141
7 6 141
6 9 141
6 7 141
7 9 141
4 9 141
4 6 141
9 6 141
7 6 142
6 4 142
5 3 142
9 7 142
9 6 142
6 7 142
4 6 142
3 5 142
4 9 142
6 9 142
7 9 142
9 4 142
4 9 143
7 9 143
3 5 143
6 7 143
6 9 143
7 6 143
6 4 143
5 3 143
9 7 143
9 4 143
4 6 143
9 6 143
6 4 144
4 6 144
3 5 144
6 7 144
7 9 144
6 9 144
9 4 144
7 6 144
9 7 144
9 6 144
5 3 144
4 9 144
6 4 145
7 6 145
9 4 145
9 7 145
9 6 145
6 9 145
3 5 145
7 9 145
4 9 145
6 7 145
4 6 145
5 3 145
7 4 146
9 7 146
7 9 146
3 5 146
4 6 146
4 7 146
6 7 146
6 9 146
6 4 146
5 3 146
9 4 146
9 6 146
4 9 146
7 6 146
7 9 147
4 6 147
6 7 147
7 4 147
9 4 147
9 6 147
9 7 147
5 3 147
7 6 147
6 4 147
4 9 147
3 5 147
6 9 147
4 7 147
9 6 148
9 4 148
9 7 148
7 6 148
4 6 148
6 7 148
7 9 148
5 3 148
4 9 148
3 5 148
6 4 148
6 9 148
3 5 149
6 7 149
4 9 149
4 6 149
7 9 149
6 9 149
9 4 149
7 6 149
5 3 149
9 7 149
9 6 149
6 4 149
3 5 150
4 6 150
6 9 150
6 7 150
7 9 150
7 6 150
9 7 150
9 6 150
5 3 150
6 4 150
7 9 151
6 4 151
5 3 151
9 7 151
9 6 151
7 6 151
6 7 151
3 5 151
6 9 151
4 6 151
9 6 152
9 7 152
7 6 152
5 3 152
6 4 152
6 9 152
4 6 152
3 5 152
6 7 152
7 9 152
4 6 153
7 9 153
6 9 153
3 5 153
6 7 153
5 3 153
9 6 153
9 7 153
6 4 153
7 6 153
6 9 154
9 7 154
7 6 154
6 4 154
7 9 154
6 7 154
4 6 154
3 5 154
5 3 154
9 6 154
3 5 155
7 9 155
4 6 155
6 7 155
7 6 155
6 4 155
5 3 155
9 6 155
9 7 155
6 9 155
6 9 156
3 5 156
6 7 156
9 6 156
7 6 156
9 7 156
7 9 156
5 3 156
3 5 157
6 7 157
7 9 157
5 3 157
6 9 157
9 6 157
9 7 157
7 6 157
9 6 158
7 6 158
5 3 158
9 7 158
7 9 158
6 9 158
6 7 158
3 5 158
6 7 159
6 9 159
7 9 159
3 5 159
9 7 159
5 3 159
9 6 159
7 6 159
5 3 160
9 6 160
9 7 160
7 6 160
3 5 160
7 9 160
6 7 160
6 9 160
5 3 161
9 7 161
7 6 161
9 6 161
3 5 161
6 9 161
7 9 161
6 7 161
5 3 162
7 6 162
3 5 162
9 6 162
6 7 162
6 9 162
9 7 162
7 9 162
7 9 163
6 7 163
6 9 163
5 3 163
9 7 163
7 6 163
9 6 163
3 5 163
3 5 164
7 9 164
6 9 164
9 7 164
5 3 164
9 6 164
6 7 164
7 6 164
9 7 165
5 3 165
9 6 165
7 6 165
6 7 165
3 5 165
6 9 165
7 9 165
9 7 166
6 9 166
6 7 166
7 9 166
3 5 166
9 6 166
7 6 166
5 3 166
6 9 167
3 5 167
9 7 167
9 6 167
6 7 167
5 3 167
7 6 167
7 9 167
9 6 168
9 7 168
7 6 168
6 7 168
7 9 168
6 9 168
5 3 168
3 5 168
3 5 169
7 6 169
5 3 169
9 7 169
6 9 169
6 7 169
9 6 169
7 9 169
7 9 170
9 6 170
3 5 170
7 6 170
6 9 170
6 7 170
9 7 170
5 3 170
9 6 171
9 7 171
5 3 171
3 5 171
6 7 171
6 9 171
7 6 171
7 9 171
6 9 172
3 5 172
7 9 172
9 7 172
9 6 172
7 6 172
6 7 172
5 3 172
9 6 173
9 7 173
7 6 173
3 5 173
6 9 173
6 7 173
7 9 173
5 3 173
6 9 174
6 7 174
5 3 174
9 6 174
7 6 174
3 5 174
9 7 174
7 9 174
5 3 175
9 7 175
9 6 175
3 5 175
7 9 175
6 9 175
6 7 175
7 6 175
7 6 176
9 7 176
5 3 176
6 9 176
6 7 176
7 9 176
3 5 176
9 6 176
6 9 177
6 7 177
3 5 177
5 3 177
9 6 177
9 7 177
7 9 177
7 6 177
7 6 178
9 6 178
9 7 178
7 9 178
6 9 178
3 5 178
5 3 178
6 7 178
9 6 179
9 7 179
7 6 179
5 3 179
7 9 179
3 5 179
6 7 179
6 9 179
5 3 180
6 9 180
6 7 180
7 9 180
3 5 180
9 7 180
9 6 180
7 6 180
9 7 181
7 6 181
5 3 181
3 5 181
6 7 181
7 9 181
7 9 182
3 5 182
6 7 182
9 7 182
5 3 182
7 6 182
5 3 183
3 5 183
6 7 183
7 9 183
9 7 183
7 6 183
6 7 184
7 6 184
5 3 184
2 6 184
3 5 184
6 2 184
7 6 185
3 5 185
5 3 185
6 7 185
6 7 186
7 6 186
2 6 195
6 2 195
2 6 196
6 2 196
2 6 197
6 2 197
2 6 198
6 2 198
6 2 199
2 6 199
9 6 205
6 9 205
9 6 206
6 9 206
9 6 207
6 9 207
6 9 208
9 6 208
9 6 209
6 9 209
6 9 210
9 6 210
6 9 211
9 6 211
6 9 212
9 6 212
6 9 213
9 6 213
9 6 214
6 9 214
9 6 215
6 9 215
9 6 216
6 9 216
9 6 217
6 9 217
9 6 218
6 9 218
9 6 219
6 9 219
6 9 220
9 6 220
2 9 283
9 2 283
9 2 284
2 9 284
9 2 285
2 9 285
2 9 286
9 2 286
9 2 287
2 9 287
9 2 288
2 9 288
9 2 289
2 9 289
2 9 290
9 2 290
9 2 291
2 9 291
9 2 292
2 9 292
2 9 293
9 2 293
2 9 294
9 2 294
2 9 295
9 2 295
2 9 296
9 2 296
9 2 297
2 9 297
2 9 298
9 2 298
9 2 299
2 9 299
9 2 300
2 9 300
9 2 301
2 9 301
9 2 302
2 9 302
2 9 303
9 2 303
2 9 304
9 2 304
9 2 305
2 9 305
9 2 306
2 9 306
2 9 307
9 2 307
2 9 308
9 2 308
2 9 309
9 2 309
9 2 310
2 9 310
9 2 311
2 9 311
9 2 312
2 9 312
2 9 313
9 2 313
2 9 314
9 2 314
2 9 315
9 2 315
2 9 316
9 2 316
9 2 317
2 9 317
9 2 318
2 9 318
9 2 319
2 9 319
9 2 320
2 9 320
2 9 321
9 2 321
2 9 322
9 2 322
9 2 323
2 9 323
9 2 324
2 9 324
9 2 325
2 9 325
9 2 326
2 9 326
2 9 327
9 2 327
2 9 328
9 2 328
2 9 329
9 2 329
2 9 330
9 2 330
2 9 331
9 2 331
2 9 332
9 2 332
9 2 333
2 9 333
9 2 334
2 9 334
9 2 335
2 9 335
2 9 336
9 2 336
2 9 337
9 2 337
2 9 338
9 2 338
7 4 664
4 7 664
4 7 665
7 4 665
4 7 666
7 4 666
7 4 667
4 7 667
7 4 668
4 7 668
7 4 669
4 7 669
7 4 670
4 7 670
7 4 671
4 7 671
4 7 672
7 4 672
4 7 673
7 4 673
7 4 674
4 7 674
4 7 675
7 4 675
4 7 676
7 4 676
7 4 677
4 7 677
7 4 678
4 7 678
7 4 679
4 7 679
7 4 680
4 7 680
9 8 696
8 9 696
9 8 697
8 9 697
9 8 698
8 9 698
8 9 699
9 8 699
8 9 700
9 8 700
8 9 701
9 8 701
8 9 702
9 8 702
9 8 703
8 9 703
8 9 704
9 8 704
9 8 705
8 9 705
4 7 748
7 4 748
4 7 749
7 4 749
4 7 750
7 4 750
4 7 751
7 4 751
7 4 752
4 7 752
4 7 753
7 4 753
7 4 754
4 7 754
7 4 755
4 7 755
7 4 756
4 7 756
7 4 757
4 7 757
7 4 758
4 7 758
4 7 759
7 4 759
7 4 760
4 7 760
4 7 761
7 4 761
7 4 762
4 7 762
7 4 763
4 7 763
4 7 764
7 4 764
7 4 765
4 7 765
7 4 766
4 7 766
7 4 767
4 7 767
7 4 768
4 7 768
7 4 769
4 7 769
4 7 770
7 4 770
4 7 771
7 4 771
7 4 772
4 7 772
7 4 773
4 7 773
4 7 774
7 4 774
4 7 775
7 4 775
4 7 776
7 4 776
7 4 777
4 7 777
7 4 778
4 7 778
7 4 796
4 7 796
4 7 797
7 4 797
7 4 798
4 7 798
7 4 799
4 7 799
7 4 800
4 7 800
7 4 801
4 7 801
4 7 802
7 4 802
4 7 803
7 4 803
7 4 804
4 7 804
7 4 805
4 7 805
7 4 806
4 7 806
7 4 807
4 7 807
7 4 808
4 7 808
4 7 809
7 4 809
4 7 810
7 4 810
4 7 811
7 4 811
4 7 812
7 4 812
4 7 813
7 4 813
4 7 814
7 4 814
4 6 862
6 4 862
6 4 863
4 6 863
6 4 864
4 6 864
6 4 865
4 6 865
4 6 866
6 4 866
6 4 867
4 6 867
6 4 868
4 6 868
2 5 892
2 5 893
2 5 894
3 4 906
3 4 907
3 4 908
3 4 909
3 4 910
3 4 914
3 4 915
3 4 916
3 4 917
3 4 918
4 5 1061
4 5 1062
4 5 1063
4 5 1064
4 5 1065
4 5 1066
4 5 1067
4 5 1068
4 5 1069
4 5 1070
4 5 1071
4 5 1072
4 5 1073
4 5 1074
4 5 1075
4 5 1076
4 5 1077
4 5 1078
4 5 1079
4 5 1080
4 5 1081
4 5 1082
4 5 1089
4 5 1090
4 5 1091
4 5 1092
4 5 1093
4 5 1094
5 8 1124
5 8 1125
5 8 1126
5 8 1127
5 8 1128
5 8 1129
5 8 1130
5 8 1131
5 8 1132
5 8 1133
5 8 1134
5 8 1135
5 8 1136
5 8 1137
5 8 1138
5 8 1139
5 8 1140
5 8 1141
2 5 1157
2 5 1158
2 5 1159
2 5 1160
2 5 1161
2 5 1162
2 5 1163
2 5 1164
2 5 1165
2 5 1166
2 5 1167
2 5 1168
2 5 1169
2 5 1170
7 9 1192
9 7 1192
7 9 1193
9 7 1193
7 9 1194
9 7 1194
7 9 1195
9 7 1195
9 7 1196
7 9 1196
7 9 1197
7 6 1197
6 7 1197
9 7 1197
7 6 1198
9 7 1198
7 9 1198
6 7 1198
7 6 1199
9 7 1199
7 9 1199
6 7 1199
7 9 1200
6 7 1200
6 9 1200
9 6 1200
9 7 1200
7 6 1200
7 6 1201
9 7 1201
9 6 1201
7 9 1201
6 9 1201
6 7 1201
6 9 1202
6 7 1202
7 9 1202
9 6 1202
9 7 1202
7 6 1202
7 9 1203
6 7 1203
6 9 1203
9 6 1203
7 6 1203
9 7 1203
9 6 1204
7 6 1204
7 9 1204
6 7 1204
6 9 1204
9 7 1204
6 7 1205
7 9 1205
6 9 1205
7 6 1205
9 7 1205
9 6 1205
6 9 1206
7 9 1206
9 6 1206
7 6 1206
9 7 1206
6 7 1206
6 9 1207
7 6 1207
9 6 1207
6 7 1207
7 9 1207
9 7 1207
7 6 1208
9 6 1208
9 7 1208
6 7 1208
6 9 1208
7 9 1208
9 7 1209
6 9 1209
7 9 1209
9 6 1209
9 6 1210
9 7 1210
7 9 1210
6 9 1210
9 6 1211
9 7 1211
7 9 1211
6 9 1211
6 9 1212
9 6 1212
7 9 1212
9 7 1212
7 9 1213
6 9 1213
9 7 1213
9 6 1213
9 6 1214
6 9 1214
5 7 1218
5 7 1219
5 7 1220
5 7 1221
5 7 1222
5 7 1223
8 2 1235
2 8 1235
8 2 1236
2 8 1236
2 8 1237
8 2 1237
2 8 1238
8 2 1238
2 8 1239
8 2 1239
2 8 1240
8 2 1240
2 8 1241
8 2 1241
8 2 1242
2 8 1242
8 2 1243
2 8 1243
2 8 1244
8 2 1244
8 2 1245
5 9 1245
2 8 1245
8 2 1246
5 9 1246
2 8 1246
2 8 1247
5 9 1247
8 2 1247
5 9 1248
5 9 1249
5 9 1250
5 9 1251
5 9 1252
5 9 1253
5 9 1254
5 9 1255
5 9 1256
5 9 1257
5 9 1258
5 9 1259
5 9 1260
5 9 1261
5 9 1262
5 9 1263
5 9 1264
5 9 1265
5 9 1266
5 6 1271
5 6 1272
5 6 1273
5 6 1274
5 6 1275
5 6 1276
5 6 1277
5 6 1278
5 6 1279
5 6 1280
5 6 1281
5 9 1281
5 6 1282
5 9 1282
6 9 1283
9 6 1283
5 6 1283
5 9 1283
9 6 1284
5 6 1284
6 9 1284
6 9 1285
9 6 1285
6 9 1286
9 6 1286
6 9 1287
9 6 1287
9 6 1288
6 9 1288
6 9 1289
9 6 1289
9 6 1290
6 9 1290
6 9 1291
9 6 1291
6 9 1292
9 6 1292
6 9 1293
9 6 1293
6 9 1294
9 6 1294
6 9 1295
9 6 1295
6 9 1296
9 6 1296
6 9 1297
9 6 1297
9 6 1298
6 9 1298
9 6 1299
6 9 1299
9 6 1300
6 9 1300
9 6 1301
6 9 1301
9 6 1302
6 9 1302
6 9 1303
9 6 1303
9 6 1304
6 9 1304
9 6 1305
6 9 1305
9 6 1306
6 9 1306
6 9 1307
9 6 1307
6 9 1308
9 6 1308
6 9 1309
9 6 1309
4 5 1310
6 9 1310
9 6 1310
9 6 1311
6 9 1311
4 5 1311
4 5 1312
4 5 1313
4 5 1314
4 5 1315
4 5 1316
4 5 1317
4 5 1318
4 5 1319
4 5 1320
4 5 1321
4 5 1322
4 5 1323
4 5 1324
2 6 1364
6 2 1364
2 6 1365
6 2 1365
6 2 1366
2 6 1366
6 2 1367
2 6 1367
6 2 1368
2 6 1368
6 2 1369
2 6 1369
6 2 1370
2 6 1370
6 2 1371
2 6 1371
6 2 1372
2 6 1372
6 2 1373
2 6 1373
6 2 1374
2 6 1374
6 2 1375
2 6 1375
4 5 1375
2 6 1376
4 5 1376
6 2 1376
6 2 1377
2 6 1377
4 5 1377
6 2 1378
4 5 1378
2 6 1378
2 6 1379
6 2 1379
4 5 1379
4 5 1380
6 2 1380
2 6 1380
2 6 1381
4 5 1381
6 2 1381
2 6 1382
4 5 1382
6 2 1382
6 2 1383
2 6 1383
4 5 1383
6 2 1384
4 5 1384
2 6 1384
2 6 1385
4 5 1385
6 2 1385
2 6 1386
4 5 1386
6 2 1386
6 2 1387
2 6 1387
2 6 1388
6 2 1388
6 2 1389
2 6 1389
6 2 1390
2 6 1390
6 2 1391
2 6 1391
6 2 1392
2 6 1392
6 2 1393
2 6 1393
2 6 1394
6 2 1394
6 2 1395
2 6 1395
2 6 1396
6 2 1396
2 6 1397
6 2 1397
6 2 1398
2 6 1398
2 6 1399
6 2 1399
2 6 1400
6 2 1400
2 6 1401
6 2 1401
2 6 1402
6 2 1402
6 2 1403
2 6 1403
2 6 1404
6 2 1404
2 6 1405
6 2 1405
2 6 1406
6 2 1406
2 6 1407
6 2 1407
2 6 1408
6 2 1408
6 2 1409
2 6 1409
5 9 1475
5 9 1476
5 9 1477
5 9 1478
5 9 1479
5 9 1480
5 9 1481
5 9 1482
5 9 1483
5 9 1484
5 9 1485
5 9 1486
5 9 1487
5 9 1488
5 9 1489
5 9 1490
5 9 1491
5 9 1492
5 9 1493
5 9 1494
7 8 1525
8 7 1525
7 8 1526
8 7 1526
7 8 1527
8 7 1527
8 7 1528
7 8 1528
7 8 1529
8 7 1529
7 8 1530
8 7 1530
8 7 1531
7 8 1531
7 8 1532
8 7 1532
7 8 1533
8 7 1533
7 8 1534
8 7 1534
7 8 1535
8 7 1535
8 7 1536
7 8 1536
8 7 1537
7 8 1537
8 7 1538
7 8 1538
7 8 1539
8 7 1539
8 7 1540
7 8 1540
8 7 1541
7 8 1541
7 8 1542
8 7 1542
7 8 1543
8 7 1543
7 8 1544
8 7 1544
3 4 1607
3 4 1608
3 4 1609
3 4 1610
3 4 1611
3 4 1612
3 4 1613
3 4 1614
3 4 1615
3 4 1616
3 4 1617
3 4 1618
3 4 1619
3 4 1620
3 4 1621
3 4 1622
3 4 1623
3 4 1624
3 4 1625
3 4 1626
3 4 1627
3 4 1628
3 4 1629
3 4 1630
3 4 1631
3 4 1632
3 4 1633
5 7 1669
5 7 1670
5 7 1671
5 7 1672
5 7 1673
5 7 1674
5 7 1675
5 7 1676
5 7 1677
5 7 1678
5 7 1679
5 7 1680
5 7 1681
1 5 1707
1 5 1708
1 5 1709
1 5 1710
1 7 1711
5 7 1711
1 5 1711
7 1 1711
7 1 1712
5 7 1712
1 7 1712
1 5 1712
7 1 1713
1 7 1713
1 5 1713
5 7 1713
7 1 1714
1 5 1714
1 7 1714
5 7 1714
7 1 1715
1 7 1715
1 5 1715
5 7 1715
5 7 1716
1 7 1716
1 5 1716
7 1 1716
1 7 1717
5 7 1717
7 1 1717
1 5 1717
7 1 1718
5 7 1718
1 7 1718
1 5 1718
1 7 1719
5 7 1719
1 5 1719
7 1 1719
1 5 1720
1 7 1720
5 7 1720
7 1 1720
1 5 1721
1 7 1721
5 7 1721
7 1 1721
7 1 1722
1 7 1722
5 7 1722
7 1 1723
1 7 1723
5 7 1723
7 1 1724
1 7 1724
5 7 1724
1 7 1725
5 7 1725
7 1 1725
5 7 1726
5 7 1727
5 7 1728
5 7 1729
5 7 1730
5 7 1731
5 7 1732
5 7 1733
5 7 1734
5 7 1735
5 7 1736
5 7 1737
5 7 1738
5 7 1739
5 7 1740
1 5 1741
1 7 1741
5 7 1741
7 1 1741
7 1 1742
1 5 1742
5 7 1742
1 7 1742
5 7 1743
1 7 1743
7 1 1743
1 5 1743
1 5 1744
5 7 1744
7 1 1744
1 7 1744
7 1 1745
5 7 1745
1 5 1745
1 7 1745
1 5 1746
7 1 1746
1 7 1746
1 7 1747
7 1 1747
7 1 1748
1 7 1748
7 1 1749
1 7 1749
7 1 1750
1 7 1750
7 1 1751
1 7 1751
7 1 1752
1 7 1752
1 7 1753
7 1 1753
1 7 1754
7 1 1754
7 1 1755
1 7 1755
1 7 1756
7 1 1756
7 1 1757
1 7 1757
1 7 1758
7 1 1758
7 1 1759
1 7 1759
1 7 1760
7 1 1760
1 7 1761
7 1 1761
