4 5 0
5 4 0
5 4 1
4 5 1
4 5 2
5 4 2
4 5 3
5 4 3
4 5 4
5 4 4
4 5 5
5 4 5
4 5 6
5 4 6
4 5 7
5 4 7
5 4 8
4 5 8
5 4 9
4 5 9
3 6 178
3 6 179
3 6 180
3 6 181
3 6 182
3 6 183
3 6 184
4 6 308
5 1 717
1 5 717
1 5 718
5 1 718
5 1 719
1 5 719
5 1 720
1 5 720
5 1 721
1 5 721
1 5 722
5 1 722
5 1 723
1 5 723
5 1 724
1 5 724
1 5 725
5 1 725
3 6 994
3 6 995
3 6 996
3 6 997
3 6 998
3 6 999
3 6 1000
3 6 1001
3 6 1002
3 6 1003
3 6 1004
3 6 1005
3 6 1006
3 6 1007
2 5 1306
5 2 1306
2 5 1307
5 2 1307
2 5 1308
5 2 1308
2 5 1309
5 2 1309
2 5 1310
5 2 1310
5 2 1311
2 5 1311
2 5 1312
5 2 1312
5 2 1313
2 5 1313
5 2 1314
2 5 1314
5 2 1315
2 5 1315
2 5 1316
5 2 1316
2 5 1317
5 2 1317
2 5 1318
5 2 1318
2 5 1319
5 2 1319
5 2 1320
2 5 1320
5 2 1321
2 5 1321
2 5 1409
5 2 1409
5 2 1410
2 5 1410
2 5 1411
5 2 1411
2 5 1412
5 2 1412
2 5 1413
5 2 1413
