3 5 0
5 3 0
5 3 1
3 5 1
3 5 2
5 3 2
3 5 3
5 3 3
3 5 4
5 3 4
5 3 5
3 5 5
5 3 6
3 5 6
5 3 7
3 5 7
3 5 8
5 3 8
3 5 9
5 3 9
3 5 10
5 3 10
3 5 11
5 3 11
3 5 12
5 3 12
3 5 13
5 3 13
3 5 14
5 3 14
5 3 15
3 5 15
3 5 16
5 3 16
5 3 17
3 5 17
5 3 18
3 5 18
3 5 19
5 3 19
5 3 58
3 5 58
3 5 59
5 3 59
5 3 60
3 5 60
3 5 61
5 3 61
5 3 62
3 5 62
3 5 63
5 3 63
3 5 64
5 3 64
5 3 65
3 5 65
5 3 66
3 5 66
3 5 67
5 3 67
5 3 68
3 5 68
5 3 69
3 5 69
3 5 70
5 3 70
5 3 71
3 5 71
3 5 72
5 3 72
3 5 73
5 3 73
5 3 74
3 5 74
3 5 75
5 3 75
5 3 76
3 5 76
3 5 77
5 3 77
3 5 78
5 3 78
2 4 95
4 2 95
2 4 96
4 2 96
2 4 97
4 2 97
2 4 98
4 2 98
4 2 99
2 4 99
2 4 100
4 2 100
4 2 101
2 4 101
2 4 102
4 2 102
2 4 103
4 2 103
2 4 104
4 2 104
4 2 105
2 4 105
2 4 106
4 2 106
4 2 107
2 4 107
2 4 108
4 2 108
4 2 109
2 4 109
4 2 110
2 4 110
4 2 111
2 4 111
4 2 112
2 4 112
2 4 113
4 2 113
4 2 114
2 4 114
3 5 641
5 3 641
3 5 642
5 3 642
5 3 643
3 5 643
5 3 644
3 5 644
5 3 645
3 5 645
5 3 646
3 5 646
3 5 647
5 3 647
5 3 648
3 5 648
3 5 649
5 3 649
5 3 650
3 5 650
5 3 651
3 5 651
3 5 652
5 3 652
5 3 653
3 5 653
3 5 654
5 3 654
3 5 655
5 3 655
3 5 656
5 3 656
2 5 765
2 5 766
2 5 767
2 5 768
2 5 769
2 5 770
2 5 771
5 6 967
5 6 968
5 6 969
5 6 970
5 6 971
5 6 972
5 6 973
5 6 974
5 6 975
5 6 976
5 6 977
5 6 978
5 6 979
5 6 980
5 6 981
5 6 982
5 6 983
5 6 984
5 6 985
5 6 986
5 6 987
5 6 988
5 6 989
5 6 990
5 6 991
5 6 992
5 6 993
5 6 994
5 6 995
5 6 996
5 6 997
5 6 998
5 6 999
5 6 1000
5 6 1001
5 6 1002
5 6 1003
1 5 1199
1 5 1200
1 5 1201
1 5 1202
1 5 1203
1 5 1204
1 5 1205
1 5 1206
1 5 1207
1 5 1208
1 5 1209
1 5 1210
1 5 1211
1 5 1212
1 5 1213
1 5 1214
1 5 1215
1 5 1216
1 5 1217
1 5 1218
1 5 1219
1 5 1220
1 5 1221
1 5 1222
1 5 1223
1 5 1224
1 5 1225
1 5 1226
1 5 1227
1 5 1228
1 5 1229
1 5 1230
1 5 1231
1 5 1232
1 5 1233
1 5 1234
1 5 1235
1 5 1236
1 5 1237
1 5 1238
1 5 1327
1 5 1328
1 5 1329
1 5 1330
1 5 1331
1 5 1332
1 5 1333
1 5 1334
1 5 1335
1 5 1336
1 5 1337
1 5 1338
1 5 1339
1 5 1340
1 5 1341
1 5 1342
1 5 1343
1 5 1344
1 5 1345
1 5 1346
1 5 1347
1 5 1348
1 5 1349
3 5 1385
5 3 1385
3 5 1386
5 3 1386
5 3 1387
3 5 1387
3 5 1388
5 3 1388
3 5 1389
5 3 1389
5 3 1390
3 5 1390
3 5 1391
5 3 1391
3 5 1392
5 3 1392
3 5 1393
5 3 1393
3 5 1394
5 3 1394
3 5 1395
5 3 1395
3 5 1396
5 3 1396
3 5 1397
5 3 1397
5 3 1398
3 5 1398
5 3 1399
3 5 1399
3 5 1400
5 3 1400
3 5 1401
5 3 1401
5 3 1402
3 5 1402
5 3 1403
3 5 1403
5 3 1404
3 5 1404
5 3 1405
3 5 1405
5 3 1406
3 5 1406
3 5 1407
5 3 1407
5 3 1408
3 5 1408
3 5 1409
5 3 1409
3 5 1410
5 3 1410
3 5 1411
5 3 1411
3 5 1412
5 3 1412
3 5 1413
5 3 1413
3 5 1414
5 3 1414
3 5 1415
5 3 1415
