4 5 0
4 5 1
4 5 2
4 5 3
3 4 256
3 4 257
3 4 258
3 4 259
3 4 260
3 4 261
3 4 262
3 4 263
3 4 264
3 4 265
3 4 266
3 4 267
3 4 268
3 4 269
3 4 270
3 4 271
3 4 272
3 4 273
3 4 274
3 4 275
3 4 276
3 4 277
3 4 278
3 4 279
3 2 419
2 3 419
2 3 420
3 2 420
3 2 421
2 3 421
3 2 422
2 3 422
3 2 423
2 3 423
3 2 424
2 3 424
3 2 425
2 3 425
3 2 426
2 3 426
3 2 427
2 3 427
3 2 428
2 3 428
3 2 429
2 3 429
3 2 430
2 3 430
2 3 431
3 2 431
3 2 432
2 3 432
3 2 433
2 3 433
2 3 434
3 2 434
3 2 448
2 3 448
3 2 449
2 3 449
2 3 450
3 2 450
2 3 451
3 2 451
3 2 452
2 3 452
3 2 453
2 3 453
3 2 454
2 3 454
2 3 455
3 2 455
3 2 456
2 3 456
3 2 457
2 3 457
3 2 458
2 3 458
3 2 459
2 3 459
3 2 460
2 3 460
3 2 461
2 3 461
2 3 462
3 2 462
2 3 463
3 2 463
2 3 464
3 2 464
2 3 465
3 2 465
2 3 466
3 2 466
3 2 467
2 3 467
1 3 502
3 1 502
3 1 503
1 3 503
3 1 504
1 3 504
1 3 505
3 1 505
3 1 506
1 3 506
3 1 507
1 3 507
1 3 508
3 1 508
1 3 509
3 1 509
3 1 510
1 3 510
3 1 511
1 3 511
1 3 512
3 1 512
3 1 513
1 3 513
1 3 514
3 1 514
1 3 515
3 1 515
3 1 516
1 3 516
3 1 517
1 3 517
4 5 830
4 5 831
4 5 832
4 5 833
4 5 834
4 5 835
4 5 836
4 5 837
4 5 838
4 5 839
4 5 840
4 5 841
4 5 842
4 5 843
4 5 844
4 5 845
4 5 846
4 5 847
4 5 848
4 5 849
4 5 850
4 5 851
4 5 852
4 5 853
4 5 854
4 5 855
4 5 856
4 5 857
4 5 858
4 5 859
4 5 860
4 5 861
4 5 862
4 5 863
1 4 1510
1 4 1511
1 4 1512
1 4 1513
1 4 1514
1 4 1515
1 4 1516
1 4 1535
1 4 1536
1 4 1537
1 4 1538
1 4 1539
1 4 1540
1 4 1541
1 4 1542
1 4 1543
1 4 1544
1 4 1545
1 4 1546
2 4 1561
2 4 1562
2 4 1563
2 4 1564
2 4 1565
2 4 1566
2 4 1567
2 4 1568
2 4 1569
2 4 1570
2 4 1571
2 4 1572
2 4 1573
2 4 1574
2 4 1575
2 4 1576
2 4 1577
2 4 1578
2 4 1579
2 4 1580
2 4 1581
2 4 1582
2 4 1583
2 4 1584
2 4 1585
2 4 1586
2 4 1587
2 4 1588
2 4 1589
2 4 1590
2 4 1591
2 4 1592
2 4 1593
2 4 1594
2 4 1595
2 4 1596
2 4 1597
2 4 1598
2 4 1599
